No, norma, norm_delta_time, elapsed_time
1, 4.92358, 0.00260116, 0
2, 4.92358, 0.00260116, 0.00260116
3, 5.0663, 0.00261159, 0.00521274
4, 4.97794, 0.00261581, 0.00782855
5, 5.00823, 0.002648, 0.0104766
6, 5.22274, 0.00267123, 0.0131478
7, 5.19904, 0.00268829, 0.0158361
8, 4.86004, 0.00270816, 0.0185442
9, 4.67209, 0.00272475, 0.021269
10, 4.83109, 0.00274372, 0.0240127
11, 4.81685, 0.00276099, 0.0267737
12, 4.46026, 0.0027687, 0.0295424
13, 4.23276, 0.00278069, 0.0323231
14, 4.34208, 0.00279009, 0.0351132
15, 4.34962, 0.00280343, 0.0379166
16, 4.12157, 0.00281725, 0.0407338
17, 4.03765, 0.00282491, 0.0435587
18, 4.13671, 0.00283429, 0.046393
19, 4.01952, 0.00283542, 0.0492285
20, 3.75165, 0.00283719, 0.0520657
21, 3.7127, 0.00284114, 0.0549068
22, 3.78405, 0.0028504, 0.0577572
23, 3.68898, 0.00286446, 0.0606217
24, 3.61127, 0.00288434, 0.063506
25, 3.65486, 0.00288649, 0.0663925
26, 3.57054, 0.00288466, 0.0692771
27, 3.3486, 0.00288451, 0.0721617
28, 3.29403, 0.00288827, 0.0750499
29, 3.35211, 0.00289825, 0.0779482
30, 3.30642, 0.00291532, 0.0808635
31, 3.27247, 0.00293291, 0.0837964
32, 3.28384, 0.00293112, 0.0867275
33, 3.17086, 0.00292969, 0.0896572
34, 3.00902, 0.00293129, 0.0925885
35, 3.00813, 0.0029384, 0.0955269
36, 3.03904, 0.00295311, 0.09848
37, 3.00132, 0.00297744, 0.101457
38, 2.98427, 0.00297614, 0.104434
39, 2.95981, 0.0029752, 0.107409
40, 2.83442, 0.00297617, 0.110385
41, 2.7644, 0.00298183, 0.113367
42, 2.79661, 0.00299462, 0.116361
43, 2.78497, 0.00301701, 0.119378
44, 2.74243, 0.00301947, 0.122398
45, 2.73875, 0.00301918, 0.125417
46, 2.67408, 0.00302029, 0.128437
47, 2.59112, 0.00302525, 0.131463
48, 2.59854, 0.00303682, 0.134499
49, 2.60045, 0.00305309, 0.137553
50, 2.55294, 0.00305829, 0.140611
51, 2.54385, 0.00306077, 0.143672
52, 2.51664, 0.0030622, 0.146734
53, 2.44818, 0.00306696, 0.149801
54, 2.43746, 0.00307789, 0.152879
55, 2.44107, 0.00308845, 0.155967
56, 2.39732, 0.00309335, 0.15906
57, 2.38159, 0.00309985, 0.16216
58, 2.37032, 0.00310159, 0.165262
59, 2.31932, 0.00310646, 0.168368
60, 2.30173, 0.00311731, 0.171486
61, 2.31542, 0.00312347, 0.174609
62, 2.43449, 0.00312849, 0.177738
63, 2.83349, 0.00313669, 0.180874
64, 2.80999, 0.00314085, 0.184015
65, 2.43348, 0.00316687, 0.187182
66, 2.09332, 0.00319693, 0.190379
67, 1.85329, 0.00322896, 0.193608
68, 1.68992, 0.00326194, 0.19687
69, 1.58135, 0.00329539, 0.200165
70, 1.50727, 0.00333008, 0.203495
71, 1.45614, 0.00336328, 0.206859
72, 1.42284, 0.00340086, 0.210259
73, 1.39855, 0.00343382, 0.213693
74, 1.38539, 0.00347456, 0.217168
75, 1.37488, 0.00350743, 0.220675
76, 1.37235, 0.00354918, 0.224224
77, 1.37074, 0.00358415, 0.227809
78, 1.37416, 0.00362508, 0.231434
79, 1.37916, 0.00366382, 0.235098
80, 1.38646, 0.00370446, 0.238802
81, 1.39619, 0.00374617, 0.242548
82, 1.40603, 0.00378696, 0.246335
83, 1.41917, 0.00383089, 0.250166
84, 1.43084, 0.00387227, 0.254038
85, 1.44633, 0.00391771, 0.257956
86, 1.46002, 0.00396014, 0.261916
87, 1.47693, 0.0040065, 0.265923
88, 1.49328, 0.00405055, 0.269973
89, 1.51047, 0.00409735, 0.27407
90, 1.52991, 0.00414378, 0.278214
91, 1.54751, 0.00419064, 0.282405
92, 1.56634, 0.00423212, 0.286637
93, 1.55772, 0.00420147, 0.290839
94, 1.54927, 0.00417662, 0.295015
95, 1.54025, 0.00414327, 0.299158
96, 1.5314, 0.00412031, 0.303279
97, 1.52012, 0.00408828, 0.307367
98, 1.51077, 0.00405981, 0.311427
99, 1.50004, 0.00403601, 0.315463
100, 1.48896, 0.00400345, 0.319466
101, 1.4786, 0.00397927, 0.323446
102, 1.46531, 0.00395004, 0.327396
103, 1.45533, 0.00392123, 0.331317
104, 1.44432, 0.00390081, 0.335218
105, 1.4297, 0.00386705, 0.339085
106, 1.42005, 0.00384227, 0.342927
107, 1.40663, 0.00381763, 0.346745
108, 1.39399, 0.00378785, 0.350532
109, 1.38471, 0.00376813, 0.354301
110, 1.36951, 0.00373864, 0.358039
111, 1.35894, 0.00371369, 0.361753
112, 1.34825, 0.00369407, 0.365447
113, 1.33376, 0.00366519, 0.369112
114, 1.3251, 0.00364597, 0.372758
115, 1.31192, 0.00362199, 0.37638
116, 1.29992, 0.00359822, 0.379978
117, 1.29209, 0.00358317, 0.383561
118, 1.27772, 0.00355625, 0.387118
119, 1.26821, 0.00353808, 0.390656
120, 1.25814, 0.00351906, 0.394175
121, 1.24592, 0.00349704, 0.397672
122, 1.23863, 0.00348479, 0.401157
123, 1.22642, 0.00346114, 0.404618
124, 1.21669, 0.00344422, 0.408062
125, 1.20835, 0.00342969, 0.411492
126, 1.19721, 0.00340936, 0.414901
127, 1.18995, 0.00339792, 0.418299
128, 1.17989, 0.00337928, 0.421678
129, 1.17087, 0.00336392, 0.425042
130, 1.16406, 0.00335331, 0.428396
131, 1.15402, 0.00333523, 0.431731
132, 1.14753, 0.00332561, 0.435056
133, 1.13925, 0.00331114, 0.438368
134, 1.13121, 0.00329857, 0.441666
135, 1.12568, 0.00329104, 0.444957
136, 1.11708, 0.00327668, 0.448234
137, 1.11163, 0.00327079, 0.451505
138, 1.10451, 0.0032593, 0.454764
139, 1.09786, 0.00325155, 0.458015
140, 1.09271, 0.00324595, 0.461261
141, 1.08594, 0.00323732, 0.464499
142, 1.08163, 0.00323618, 0.467735
143, 1.07524, 0.00322739, 0.470962
144, 1.07043, 0.00322607, 0.474188
145, 1.06512, 0.00322117, 0.47741
146, 1.0603, 0.0032191, 0.480629
147, 1.05563, 0.00321808, 0.483847
148, 1.05104, 0.00321564, 0.487062
149, 1.0471, 0.00321763, 0.49028
150, 1.04226, 0.00321505, 0.493495
151, 1.03896, 0.00321796, 0.496713
152, 1.03411, 0.00321679, 0.49993
153, 1.03082, 0.00321871, 0.503148
154, 1.02682, 0.00322041, 0.506369
155, 1.0231, 0.00322155, 0.50959
156, 1.02026, 0.00322553, 0.512816
157, 1.01602, 0.00322604, 0.516042
158, 1.01354, 0.00323028, 0.519272
159, 1.0097, 0.00323186, 0.522504
160, 1.00664, 0.00323489, 0.525739
161, 1.00392, 0.00323876, 0.528978
162, 1.00026, 0.00324087, 0.532219
163, 0.998196, 0.00324641, 0.535465
164, 0.994447, 0.00324802, 0.538713
165, 0.991691, 0.00325237, 0.541965
166, 0.988889, 0.00325623, 0.545222
167, 0.98551, 0.00325976, 0.548481
168, 0.983245, 0.00326539, 0.551747
169, 0.979724, 0.00326839, 0.555015
170, 0.977172, 0.00327438, 0.55829
171, 0.974097, 0.00327808, 0.561568
172, 0.970972, 0.00328324, 0.564851
173, 0.968389, 0.00328864, 0.56814
174, 0.965161, 0.0032931, 0.571433
175, 0.962673, 0.00329983, 0.574733
176, 0.959578, 0.00330364, 0.578036
177, 0.956652, 0.00330948, 0.581346
178, 0.953991, 0.00331453, 0.58466
179, 0.950922, 0.00331909, 0.587979
180, 0.948452, 0.00332552, 0.591305
181, 0.9454, 0.00332879, 0.594634
182, 0.942341, 0.00333339, 0.597967
183, 0.939826, 0.00333834, 0.601305
184, 0.936569, 0.00334118, 0.604646
185, 0.933703, 0.00334553, 0.607992
186, 0.930907, 0.00334885, 0.611341
187, 0.927478, 0.00335117, 0.614692
188, 0.924955, 0.0033555, 0.618048
189, 0.921591, 0.00335693, 0.621404
190, 0.918304, 0.00335913, 0.624764
191, 0.915773, 0.00336276, 0.628126
192, 0.912077, 0.00336324, 0.63149
193, 0.909221, 0.00336599, 0.634856
194, 0.906152, 0.00336776, 0.638223
195, 0.902663, 0.00336875, 0.641592
196, 0.9003, 0.00337262, 0.644965
197, 0.896556, 0.00337223, 0.648337
198, 0.89357, 0.00337431, 0.651711
199, 0.890702, 0.00337631, 0.655088
200, 0.887206, 0.0033769, 0.658464
201, 0.884834, 0.00338058, 0.661845
202, 0.881277, 0.00338033, 0.665225
203, 0.878295, 0.0033823, 0.668608
204, 0.875564, 0.00338442, 0.671992
205, 0.872183, 0.00338504, 0.675377
206, 0.869838, 0.00338867, 0.678766
207, 0.86649, 0.00338858, 0.682154
208, 0.863582, 0.00339056, 0.685545
209, 0.860994, 0.00339274, 0.688938
210, 0.857788, 0.00339337, 0.692331
211, 0.855489, 0.00339683, 0.695728
212, 0.852392, 0.0033969, 0.699125
213, 0.849587, 0.0033987, 0.702523
214, 0.847183, 0.00340096, 0.705924
215, 0.844163, 0.00340142, 0.709326
216, 0.841904, 0.00340451, 0.71273
217, 0.839093, 0.0034048, 0.716135
218, 0.836397, 0.0034063, 0.719541
219, 0.834188, 0.00340871, 0.72295
220, 0.831345, 0.00340893, 0.726359
221, 0.82913, 0.00341168, 0.729771
222, 0.826581, 0.00341228, 0.733183
223, 0.824007, 0.00341358, 0.736597
224, 0.821955, 0.00341622, 0.740013
225, 0.819287, 0.00341641, 0.743429
226, 0.817144, 0.00341911, 0.746848
227, 0.814786, 0.00342002, 0.750268
228, 0.812368, 0.00342146, 0.75369
229, 0.810437, 0.00342432, 0.757114
230, 0.808109, 0.0034248, 0.760539
231, 0.806914, 0.00342777, 0.763967
232, 0.808803, 0.00342898, 0.767396
233, 0.823707, 0.00343081, 0.770827
234, 0.87419, 0.00343386, 0.77426
235, 0.968414, 0.00343486, 0.777695
236, 1.05078, 0.00343856, 0.781134
237, 1.05418, 0.00344056, 0.784574
238, 0.990652, 0.00344758, 0.788022
239, 0.904901, 0.00345883, 0.791481
240, 0.827008, 0.00347535, 0.794956
241, 0.766558, 0.00349364, 0.79845
242, 0.72315, 0.0035123, 0.801962
243, 0.693298, 0.0035324, 0.805494
244, 0.672489, 0.00355164, 0.809046
245, 0.657995, 0.00357216, 0.812618
246, 0.647248, 0.00359165, 0.81621
247, 0.639323, 0.00361245, 0.819822
248, 0.632942, 0.00363203, 0.823454
249, 0.628091, 0.00365314, 0.827108
250, 0.623939, 0.00367277, 0.83078
251, 0.620852, 0.00369425, 0.834475
252, 0.618096, 0.00371391, 0.838188
253, 0.616225, 0.0037358, 0.841924
254, 0.614488, 0.00375551, 0.84568
255, 0.613561, 0.00377786, 0.849458
256, 0.61263, 0.00379764, 0.853255
257, 0.61248, 0.00382047, 0.857076
258, 0.612202, 0.00384035, 0.860916
259, 0.612721, 0.00386361, 0.86478
260, 0.612966, 0.00388363, 0.868663
261, 0.614068, 0.00390722, 0.872571
262, 0.614726, 0.0039274, 0.876498
263, 0.616318, 0.00395116, 0.880449
264, 0.617333, 0.00397154, 0.884421
265, 0.619293, 0.00399527, 0.888416
266, 0.620687, 0.00401588, 0.892432
267, 0.622872, 0.0040394, 0.896471
268, 0.624703, 0.00406031, 0.900532
269, 0.626967, 0.00408345, 0.904615
270, 0.629257, 0.00410473, 0.90872
271, 0.631502, 0.0041274, 0.912847
272, 0.634188, 0.00414915, 0.916996
273, 0.636559, 0.00417134, 0.921168
274, 0.63949, 0.0041937, 0.925361
275, 0.642226, 0.00421546, 0.929577
276, 0.645236, 0.00423861, 0.933815
277, 0.648395, 0.00426006, 0.938075
278, 0.651447, 0.00428421, 0.94236
279, 0.654868, 0.00430551, 0.946665
280, 0.658465, 0.00433056, 0.950996
281, 0.661894, 0.00435225, 0.955348
282, 0.666159, 0.0043778, 0.959726
283, 0.669483, 0.00440076, 0.964126
284, 0.674249, 0.00442702, 0.968554
285, 0.67559, 0.0044338, 0.972987
286, 0.675072, 0.00442732, 0.977415
287, 0.674848, 0.00442035, 0.981835
288, 0.674031, 0.00441518, 0.98625
289, 0.673471, 0.00440648, 0.990657
290, 0.672772, 0.00439943, 0.995056
291, 0.671796, 0.00439266, 0.999449
292, 0.671226, 0.00438377, 1.00383
