No, norm, delta_time
1, 0.134283, 1
2, 0.0495659, 1
3, 0.034763, 1
4, 0.0286485, 1
5, 0.0260291, 1
6, 0.0247502, 1
7, 0.0240902, 1
8, 0.0237278, 1
9, 0.0235194, 1
10, 0.0233943, 1
11, 0.0233166, 1
12, 0.0232667, 1
13, 0.0232339, 1
14, 0.0232119, 1
15, 0.0231968, 1
16, 0.0231862, 1
17, 0.0231788, 1
18, 0.0231735, 1
19, 0.0231697, 1
20, 0.023167, 1
21, 0.023165, 1
22, 0.0231636, 1
23, 0.0231625, 1
24, 0.0231618, 1
25, 0.0231612, 1
26, 0.0231608, 1
27, 0.0231604, 1
28, 0.0231602, 1
29, 0.02316, 1
30, 0.0231599, 1
31, 0.0231598, 1
32, 0.0231597, 1
33, 0.0231596, 1
34, 0.0231596, 1
35, 0.0231596, 1
36, 0.0231596, 1
37, 0.0231595, 1
38, 0.0231595, 1
39, 0.0231595, 1
40, 0.0231595, 1
41, 0.0231595, 1
42, 0.0231595, 1
43, 0.0231595, 1
44, 0.0231595, 1
45, 0.0231595, 1
46, 0.0231595, 1
47, 0.0231595, 1
48, 0.0231595, 1
49, 0.0231595, 1
50, 0.0231595, 1
51, 0.0231595, 1
52, 0.0231595, 1
53, 0.0231595, 1
54, 0.0231595, 1
55, 0.0231595, 1
56, 0.0231595, 1
57, 0.0231595, 1
58, 0.0231595, 1
59, 0.0231595, 1
60, 0.0231595, 1
61, 0.0231595, 1
62, 0.0231595, 1
63, 0.0231595, 1
64, 0.0231595, 1
65, 0.0231595, 1
66, 0.0231595, 1
67, 0.0231595, 1
68, 0.0231595, 1
69, 0.0231595, 1
70, 0.0231595, 1
71, 0.0231595, 1
72, 0.0231595, 1
73, 0.0231595, 1
74, 0.0231595, 1
75, 0.0231595, 1
76, 0.0231595, 1
77, 0.0231595, 1
78, 0.0231595, 1
79, 0.0231595, 1
80, 0.0231595, 1
81, 0.0231595, 1
82, 0.0231595, 1
83, 0.0231595, 1
84, 0.0231595, 1
85, 0.0231595, 1
86, 0.0231595, 1
87, 0.0231595, 1
88, 0.0231595, 1
89, 0.0231595, 1
90, 0.0231595, 1
91, 0.0231595, 1
92, 0.0231595, 1
93, 0.0231595, 1
94, 0.0231595, 1
95, 0.0231595, 1
96, 0.0231595, 1
97, 0.0231595, 1
98, 0.0231595, 1
99, 0.0231595, 1
100, 0.0231595, 1
101, 0.0231595, 1
102, 0.0231595, 1
103, 0.0231595, 1
104, 0.0231595, 1
105, 0.0231595, 1
106, 0.0231595, 1
107, 0.0231595, 1
108, 0.0231595, 1
109, 0.0231595, 1
110, 0.0231595, 1
111, 0.0231595, 1
112, 0.0231595, 1
113, 0.0231595, 1
114, 0.0231595, 1
115, 0.0231595, 1
116, 0.0231595, 1
117, 0.0231595, 1
118, 0.0231595, 1
119, 0.0231595, 1
120, 0.0231595, 1
121, 0.0231595, 1
122, 0.0231595, 1
123, 0.0231595, 1
124, 0.0231595, 1
125, 0.0231595, 1
126, 0.0231595, 1
127, 0.0231595, 1
128, 0.0231595, 1
129, 0.0231595, 1
130, 0.0231595, 1
131, 0.0231595, 1
132, 0.0231595, 1
133, 0.0231595, 1
134, 0.0231595, 1
135, 0.0231595, 1
136, 0.0231595, 1
137, 0.0231595, 1
138, 0.0231595, 1
139, 0.0231595, 1
140, 0.0231595, 1
141, 0.0231595, 1
142, 0.0231595, 1
143, 0.0231595, 1
144, 0.0231595, 1
145, 0.0231595, 1
146, 0.0231595, 1
147, 0.0231595, 1
148, 0.0231595, 1
149, 0.0231595, 1
150, 0.0231595, 1
151, 0.0231595, 1
152, 0.0231595, 1
153, 0.0231595, 1
154, 0.0231595, 1
155, 0.0231595, 1
156, 0.0231595, 1
157, 0.0231595, 1
158, 0.0231595, 1
159, 0.0231595, 1
160, 0.0231595, 1
161, 0.0231595, 1
162, 0.0231595, 1
163, 0.0231595, 1
164, 0.0231595, 1
165, 0.0231595, 1
166, 0.0231595, 1
167, 0.0231595, 1
168, 0.0231595, 1
169, 0.0231595, 1
170, 0.0231595, 1
171, 0.0231595, 1
172, 0.0231595, 1
173, 0.0231595, 1
174, 0.0231595, 1
175, 0.0231595, 1
176, 0.0231595, 1
177, 0.0231595, 1
178, 0.0231595, 1
179, 0.0231595, 1
180, 0.0231595, 1
181, 0.0231595, 1
182, 0.0231595, 1
183, 0.0231595, 1
184, 0.0231595, 1
185, 0.0231595, 1
186, 0.0231595, 1
187, 0.0231595, 1
188, 0.0231595, 1
189, 0.0231595, 1
190, 0.0231595, 1
191, 0.0231595, 1
192, 0.0231595, 1
193, 0.0231595, 1
194, 0.0231595, 1
195, 0.0231595, 1
196, 0.0231595, 1
197, 0.0231595, 1
198, 0.0231595, 1
199, 0.0231595, 1
200, 0.0231595, 1
201, 0.0231595, 1
202, 0.0231595, 1
203, 0.0231595, 1
204, 0.0231595, 1
205, 0.0231595, 1
206, 0.0231595, 1
207, 0.0231595, 1
208, 0.0231595, 1
209, 0.0231595, 1
210, 0.0231595, 1
211, 0.0231595, 1
212, 0.0231595, 1
213, 0.0231595, 1
214, 0.0231595, 1
215, 0.0231595, 1
216, 0.0231595, 1
217, 0.0231595, 1
218, 0.0231595, 1
219, 0.0231595, 1
220, 0.0231595, 1
221, 0.0231595, 1
222, 0.0231595, 1
223, 0.0231595, 1
224, 0.0231595, 1
225, 0.0231595, 1
226, 0.0231595, 1
227, 0.0231595, 1
228, 0.0231595, 1
229, 0.0231595, 1
230, 0.0231595, 1
231, 0.0231595, 1
232, 0.0231595, 1
233, 0.0231595, 1
234, 0.0231595, 1
235, 0.0231595, 1
236, 0.0231595, 1
237, 0.0231595, 1
238, 0.0231595, 1
239, 0.0231595, 1
240, 0.0231595, 1
241, 0.0231595, 1
242, 0.0231595, 1
243, 0.0231595, 1
244, 0.0231595, 1
245, 0.0231595, 1
246, 0.0231595, 1
247, 0.0231595, 1
248, 0.0231595, 1
249, 0.0231595, 1
250, 0.0231595, 1
251, 0.0231595, 1
252, 0.0231595, 1
253, 0.0231595, 1
254, 0.0231595, 1
255, 0.0231595, 1
256, 0.0231595, 1
257, 0.0231595, 1
258, 0.0231595, 1
259, 0.0231595, 1
260, 0.0231595, 1
261, 0.0231595, 1
262, 0.0231595, 1
263, 0.0231595, 1
264, 0.0231595, 1
265, 0.0231595, 1
266, 0.0231595, 1
267, 0.0231595, 1
268, 0.0231595, 1
269, 0.0231595, 1
270, 0.0231595, 1
271, 0.0231595, 1
272, 0.0231595, 1
273, 0.0231595, 1
274, 0.0231595, 1
275, 0.0231595, 1
276, 0.0231595, 1
277, 0.0231595, 1
278, 0.0231595, 1
279, 0.0231595, 1
280, 0.0231595, 1
281, 0.0231595, 1
282, 0.0231595, 1
283, 0.0231595, 1
284, 0.0231595, 1
285, 0.0231595, 1
286, 0.0231595, 1
287, 0.0231595, 1
288, 0.0231595, 1
289, 0.0231595, 1
290, 0.0231595, 1
291, 0.0231595, 1
292, 0.0231595, 1
293, 0.0231595, 1
294, 0.0231595, 1
295, 0.0231595, 1
296, 0.0231595, 1
297, 0.0231595, 1
298, 0.0231595, 1
299, 0.0231595, 1
300, 0.0231595, 1
301, 0.0231595, 1
302, 0.0231595, 1
303, 0.0231595, 1
304, 0.0231595, 1
305, 0.0231595, 1
306, 0.0231595, 1
307, 0.0231595, 1
308, 0.0231595, 1
309, 0.0231595, 1
310, 0.0231595, 1
311, 0.0231595, 1
312, 0.0231595, 1
313, 0.0231595, 1
314, 0.0231595, 1
315, 0.0231595, 1
316, 0.0231595, 1
317, 0.0231595, 1
318, 0.0231595, 1
319, 0.0231595, 1
320, 0.0231595, 1
321, 0.0231595, 1
322, 0.0231595, 1
323, 0.0231595, 1
324, 0.0231595, 1
325, 0.0231595, 1
326, 0.0231595, 1
327, 0.0231595, 1
328, 0.0231595, 1
329, 0.0231595, 1
330, 0.0231595, 1
331, 0.0231595, 1
332, 0.0231595, 1
333, 0.0231595, 1
334, 0.0231595, 1
335, 0.0231595, 1
336, 0.0231595, 1
337, 0.0231595, 1
338, 0.0231595, 1
339, 0.0231595, 1
340, 0.0231595, 1
341, 0.0231595, 1
342, 0.0231595, 1
343, 0.0231595, 1
344, 0.0231595, 1
345, 0.0231595, 1
346, 0.0231595, 1
347, 0.0231595, 1
348, 0.0231595, 1
349, 0.0231595, 1
350, 0.0231595, 1
351, 0.0231595, 1
352, 0.0231595, 1
353, 0.0231595, 1
354, 0.0231595, 1
355, 0.0231595, 1
356, 0.0231595, 1
357, 0.0231595, 1
358, 0.0231595, 1
359, 0.0231595, 1
360, 0.0231595, 1
361, 0.0231595, 1
362, 0.0231595, 1
363, 0.0231595, 1
364, 0.0231595, 1
365, 0.0231595, 1
366, 0.0231595, 1
367, 0.0231595, 1
368, 0.0231595, 1
369, 0.0231595, 1
370, 0.0231595, 1
371, 0.0231595, 1
372, 0.0231595, 1
373, 0.0231595, 1
374, 0.0231595, 1
375, 0.0231595, 1
376, 0.0231595, 1
377, 0.0231595, 1
378, 0.0231595, 1
379, 0.0231595, 1
380, 0.0231595, 1
381, 0.0231595, 1
382, 0.0231595, 1
383, 0.0231595, 1
384, 0.0231595, 1
385, 0.0231595, 1
386, 0.0231595, 1
387, 0.0231595, 1
388, 0.0231595, 1
389, 0.0231595, 1
390, 0.0231595, 1
391, 0.0231595, 1
392, 0.0231595, 1
393, 0.0231595, 1
394, 0.0231595, 1
395, 0.0231595, 1
396, 0.0231595, 1
397, 0.0231595, 1
398, 0.0231595, 1
399, 0.0231595, 1
400, 0.0231595, 1
401, 0.0231595, 1
402, 0.0231595, 1
403, 0.0231595, 1
404, 0.0231595, 1
405, 0.0231595, 1
406, 0.0231595, 1
407, 0.0231595, 1
408, 0.0231595, 1
409, 0.0231595, 1
410, 0.0231595, 1
411, 0.0231595, 1
412, 0.0231595, 1
413, 0.0231595, 1
414, 0.0231595, 1
415, 0.0231595, 1
416, 0.0231595, 1
417, 0.0231595, 1
418, 0.0231595, 1
419, 0.0231595, 1
420, 0.0231595, 1
421, 0.0231595, 1
422, 0.0231595, 1
423, 0.0231595, 1
424, 0.0231595, 1
425, 0.0231595, 1
426, 0.0231595, 1
427, 0.0231595, 1
428, 0.0231595, 1
429, 0.0231595, 1
430, 0.0231595, 1
431, 0.0231595, 1
432, 0.0231595, 1
433, 0.0231595, 1
434, 0.0231595, 1
435, 0.0231595, 1
436, 0.0231595, 1
437, 0.0231595, 1
438, 0.0231595, 1
439, 0.0231595, 1
440, 0.0231595, 1
441, 0.0231595, 1
442, 0.0231595, 1
443, 0.0231595, 1
444, 0.0231595, 1
445, 0.0231595, 1
446, 0.0231595, 1
447, 0.0231595, 1
448, 0.0231595, 1
449, 0.0231595, 1
450, 0.0231595, 1
451, 0.0231595, 1
452, 0.0231595, 1
453, 0.0231595, 1
454, 0.0231595, 1
455, 0.0231595, 1
456, 0.0231595, 1
457, 0.0231595, 1
458, 0.0231595, 1
459, 0.0231595, 1
460, 0.0231595, 1
461, 0.0231595, 1
462, 0.0231595, 1
463, 0.0231595, 1
464, 0.0231595, 1
465, 0.0231595, 1
466, 0.0231595, 1
467, 0.0231595, 1
468, 0.0231595, 1
469, 0.0231595, 1
470, 0.0231595, 1
471, 0.0231595, 1
472, 0.0231595, 1
473, 0.0231595, 1
474, 0.0231595, 1
475, 0.0231595, 1
476, 0.0231595, 1
477, 0.0231595, 1
478, 0.0231595, 1
479, 0.0231595, 1
480, 0.0231595, 1
481, 0.0231595, 1
482, 0.0231595, 1
483, 0.0231595, 1
484, 0.0231595, 1
485, 0.0231595, 1
486, 0.0231595, 1
487, 0.0231595, 1
488, 0.0231595, 1
489, 0.0231595, 1
490, 0.0231595, 1
491, 0.0231595, 1
492, 0.0231595, 1
493, 0.0231595, 1
494, 0.0231595, 1
495, 0.0231595, 1
496, 0.0231595, 1
497, 0.0231595, 1
498, 0.0231595, 1
499, 0.0231595, 1
500, 0.0231595, 1
501, 0.0231595, 1
502, 0.0231595, 1
503, 0.0231595, 1
504, 0.0231595, 1
505, 0.0231595, 1
506, 0.0231595, 1
507, 0.0231595, 1
508, 0.0231595, 1
509, 0.0231595, 1
510, 0.0231595, 1
511, 0.0231595, 1
512, 0.0231595, 1
513, 0.0231595, 1
514, 0.0231595, 1
515, 0.0231595, 1
516, 0.0231595, 1
517, 0.0231595, 1
518, 0.0231595, 1
519, 0.0231595, 1
520, 0.0231595, 1
521, 0.0231595, 1
522, 0.0231595, 1
523, 0.0231595, 1
524, 0.0231595, 1
525, 0.0231595, 1
526, 0.0231595, 1
527, 0.0231595, 1
528, 0.0231595, 1
529, 0.0231595, 1
530, 0.0231595, 1
531, 0.0231595, 1
532, 0.0231595, 1
533, 0.0231595, 1
534, 0.0231595, 1
535, 0.0231595, 1
536, 0.0231595, 1
537, 0.0231595, 1
538, 0.0231595, 1
539, 0.0231595, 1
540, 0.0231595, 1
541, 0.0231595, 1
542, 0.0231595, 1
543, 0.0231595, 1
544, 0.0231595, 1
545, 0.0231595, 1
546, 0.0231595, 1
547, 0.0231595, 1
548, 0.0231595, 1
549, 0.0231595, 1
550, 0.0231595, 1
551, 0.0231595, 1
552, 0.0231595, 1
553, 0.0231595, 1
554, 0.0231595, 1
555, 0.0231595, 1
556, 0.0231595, 1
557, 0.0231595, 1
558, 0.0231595, 1
559, 0.0231595, 1
560, 0.0231595, 1
561, 0.0231595, 1
562, 0.0231595, 1
563, 0.0231595, 1
564, 0.0231595, 1
565, 0.0231595, 1
566, 0.0231595, 1
567, 0.0231595, 1
568, 0.0231595, 1
569, 0.0231595, 1
570, 0.0231595, 1
571, 0.0231595, 1
572, 0.0231595, 1
573, 0.0231595, 1
574, 0.0231595, 1
575, 0.0231595, 1
576, 0.0231595, 1
577, 0.0231595, 1
578, 0.0231595, 1
579, 0.0231595, 1
580, 0.0231595, 1
581, 0.0231595, 1
582, 0.0231595, 1
583, 0.0231595, 1
584, 0.0231595, 1
585, 0.0231595, 1
586, 0.0231595, 1
587, 0.0231595, 1
588, 0.0231595, 1
589, 0.0231595, 1
590, 0.0231595, 1
591, 0.0231595, 1
592, 0.0231595, 1
593, 0.0231595, 1
594, 0.0231595, 1
595, 0.0231595, 1
596, 0.0231595, 1
597, 0.0231595, 1
598, 0.0231595, 1
599, 0.0231595, 1
600, 0.0231595, 1
601, 0.0231595, 1
602, 0.0231595, 1
603, 0.0231595, 1
604, 0.0231595, 1
605, 0.0231595, 1
606, 0.0231595, 1
607, 0.0231595, 1
608, 0.0231595, 1
609, 0.0231595, 1
610, 0.0231595, 1
611, 0.0231595, 1
612, 0.0231595, 1
613, 0.0231595, 1
614, 0.0231595, 1
615, 0.0231595, 1
616, 0.0231595, 1
617, 0.0231595, 1
618, 0.0231595, 1
619, 0.0231595, 1
620, 0.0231595, 1
621, 0.0231595, 1
622, 0.0231595, 1
623, 0.0231595, 1
624, 0.0231595, 1
625, 0.0231595, 1
626, 0.0231595, 1
627, 0.0231595, 1
628, 0.0231595, 1
629, 0.0231595, 1
630, 0.0231595, 1
631, 0.0231595, 1
632, 0.0231595, 1
633, 0.0231595, 1
634, 0.0231595, 1
635, 0.0231595, 1
636, 0.0231595, 1
637, 0.0231595, 1
638, 0.0231595, 1
639, 0.0231595, 1
640, 0.0231595, 1
641, 0.0231595, 1
642, 0.0231595, 1
643, 0.0231595, 1
644, 0.0231595, 1
645, 0.0231595, 1
646, 0.0231595, 1
647, 0.0231595, 1
648, 0.0231595, 1
649, 0.0231595, 1
650, 0.0231595, 1
651, 0.0231595, 1
652, 0.0231595, 1
653, 0.0231595, 1
654, 0.0231595, 1
655, 0.0231595, 1
656, 0.0231595, 1
657, 0.0231595, 1
658, 0.0231595, 1
659, 0.0231595, 1
660, 0.0231595, 1
661, 0.0231595, 1
662, 0.0231595, 1
663, 0.0231595, 1
664, 0.0231595, 1
665, 0.0231595, 1
666, 0.0231595, 1
667, 0.0231595, 1
668, 0.0231595, 1
669, 0.0231595, 1
670, 0.0231595, 1
671, 0.0231595, 1
672, 0.0231595, 1
673, 0.0231595, 1
674, 0.0231595, 1
675, 0.0231595, 1
676, 0.0231595, 1
677, 0.0231595, 1
678, 0.0231595, 1
679, 0.0231595, 1
680, 0.0231595, 1
681, 0.0231595, 1
682, 0.0231595, 1
683, 0.0231595, 1
684, 0.0231595, 1
685, 0.0231595, 1
686, 0.0231595, 1
687, 0.0231595, 1
688, 0.0231595, 1
689, 0.0231595, 1
690, 0.0231595, 1
691, 0.0231595, 1
692, 0.0231595, 1
693, 0.0231595, 1
694, 0.0231595, 1
695, 0.0231595, 1
696, 0.0231595, 1
697, 0.0231595, 1
698, 0.0231595, 1
699, 0.0231595, 1
700, 0.0231595, 1
701, 0.0231595, 1
702, 0.0231595, 1
703, 0.0231595, 1
704, 0.0231595, 1
705, 0.0231595, 1
706, 0.0231595, 1
707, 0.0231595, 1
708, 0.0231595, 1
709, 0.0231595, 1
710, 0.0231595, 1
711, 0.0231595, 1
712, 0.0231595, 1
713, 0.0231595, 1
714, 0.0231595, 1
715, 0.0231595, 1
716, 0.0231595, 1
717, 0.0231595, 1
718, 0.0231595, 1
719, 0.0231595, 1
720, 0.0231595, 1
721, 0.0231595, 1
722, 0.0231595, 1
723, 0.0231595, 1
724, 0.0231595, 1
725, 0.0231595, 1
726, 0.0231595, 1
727, 0.0231595, 1
728, 0.0231595, 1
729, 0.0231595, 1
730, 0.0231595, 1
731, 0.0231595, 1
732, 0.0231595, 1
733, 0.0231595, 1
734, 0.0231595, 1
735, 0.0231595, 1
736, 0.0231595, 1
737, 0.0231595, 1
738, 0.0231595, 1
739, 0.0231595, 1
740, 0.0231595, 1
741, 0.0231595, 1
742, 0.0231595, 1
743, 0.0231595, 1
744, 0.0231595, 1
745, 0.0231595, 1
746, 0.0231595, 1
747, 0.0231595, 1
748, 0.0231595, 1
749, 0.0231595, 1
750, 0.0231595, 1
751, 0.0231595, 1
752, 0.0231595, 1
753, 0.0231595, 1
754, 0.0231595, 1
755, 0.0231595, 1
756, 0.0231595, 1
757, 0.0231595, 1
758, 0.0231595, 1
759, 0.0231595, 1
760, 0.0231595, 1
761, 0.0231595, 1
762, 0.0231595, 1
763, 0.0231595, 1
764, 0.0231595, 1
765, 0.0231595, 1
766, 0.0231595, 1
767, 0.0231595, 1
768, 0.0231595, 1
769, 0.0231595, 1
770, 0.0231595, 1
771, 0.0231595, 1
772, 0.0231595, 1
773, 0.0231595, 1
774, 0.0231595, 1
775, 0.0231595, 1
776, 0.0231595, 1
777, 0.0231595, 1
778, 0.0231595, 1
779, 0.0231595, 1
780, 0.0231595, 1
781, 0.0231595, 1
782, 0.0231595, 1
783, 0.0231595, 1
784, 0.0231595, 1
785, 0.0231595, 1
786, 0.0231595, 1
787, 0.0231595, 1
788, 0.0231595, 1
789, 0.0231595, 1
790, 0.0231595, 1
791, 0.0231595, 1
792, 0.0231595, 1
793, 0.0231595, 1
794, 0.0231595, 1
795, 0.0231595, 1
796, 0.0231595, 1
797, 0.0231595, 1
798, 0.0231595, 1
799, 0.0231595, 1
800, 0.0231595, 1
801, 0.0231595, 1
802, 0.0231595, 1
803, 0.0231595, 1
804, 0.0231595, 1
805, 0.0231595, 1
806, 0.0231595, 1
807, 0.0231595, 1
808, 0.0231595, 1
809, 0.0231595, 1
810, 0.0231595, 1
811, 0.0231595, 1
812, 0.0231595, 1
813, 0.0231595, 1
814, 0.0231595, 1
815, 0.0231595, 1
816, 0.0231595, 1
817, 0.0231595, 1
818, 0.0231595, 1
819, 0.0231595, 1
820, 0.0231595, 1
821, 0.0231595, 1
822, 0.0231595, 1
823, 0.0231595, 1
824, 0.0231595, 1
825, 0.0231595, 1
826, 0.0231595, 1
827, 0.0231595, 1
828, 0.0231595, 1
829, 0.0231595, 1
830, 0.0231595, 1
831, 0.0231595, 1
832, 0.0231595, 1
833, 0.0231595, 1
834, 0.0231595, 1
835, 0.0231595, 1
836, 0.0231595, 1
837, 0.0231595, 1
838, 0.0231595, 1
839, 0.0231595, 1
840, 0.0231595, 1
841, 0.0231595, 1
842, 0.0231595, 1
843, 0.0231595, 1
844, 0.0231595, 1
845, 0.0231595, 1
846, 0.0231595, 1
847, 0.0231595, 1
848, 0.0231595, 1
849, 0.0231595, 1
850, 0.0231595, 1
851, 0.0231595, 1
852, 0.0231595, 1
853, 0.0231595, 1
854, 0.0231595, 1
855, 0.0231595, 1
856, 0.0231595, 1
857, 0.0231595, 1
858, 0.0231595, 1
859, 0.0231595, 1
860, 0.0231595, 1
861, 0.0231595, 1
862, 0.0231595, 1
863, 0.0231595, 1
864, 0.0231595, 1
865, 0.0231595, 1
866, 0.0231595, 1
867, 0.0231595, 1
868, 0.0231595, 1
869, 0.0231595, 1
870, 0.0231595, 1
871, 0.0231595, 1
872, 0.0231595, 1
873, 0.0231595, 1
874, 0.0231595, 1
875, 0.0231595, 1
876, 0.0231595, 1
877, 0.0231595, 1
878, 0.0231595, 1
879, 0.0231595, 1
880, 0.0231595, 1
881, 0.0231595, 1
882, 0.0231595, 1
883, 0.0231595, 1
884, 0.0231595, 1
885, 0.0231595, 1
886, 0.0231595, 1
887, 0.0231595, 1
888, 0.0231595, 1
889, 0.0231595, 1
890, 0.0231595, 1
891, 0.0231595, 1
892, 0.0231595, 1
893, 0.0231595, 1
894, 0.0231595, 1
895, 0.0231595, 1
896, 0.0231595, 1
897, 0.0231595, 1
898, 0.0231595, 1
899, 0.0231595, 1
900, 0.0231595, 1
901, 0.0231595, 1
902, 0.0231595, 1
903, 0.0231595, 1
904, 0.0231595, 1
905, 0.0231595, 1
906, 0.0231595, 1
907, 0.0231595, 1
908, 0.0231595, 1
909, 0.0231595, 1
910, 0.0231595, 1
911, 0.0231595, 1
912, 0.0231595, 1
913, 0.0231595, 1
914, 0.0231595, 1
915, 0.0231595, 1
916, 0.0231595, 1
917, 0.0231595, 1
918, 0.0231595, 1
919, 0.0231595, 1
920, 0.0231595, 1
921, 0.0231595, 1
922, 0.0231595, 1
923, 0.0231595, 1
924, 0.0231595, 1
925, 0.0231595, 1
926, 0.0231595, 1
927, 0.0231595, 1
928, 0.0231595, 1
929, 0.0231595, 1
930, 0.0231595, 1
931, 0.0231595, 1
932, 0.0231595, 1
933, 0.0231595, 1
934, 0.0231595, 1
935, 0.0231595, 1
936, 0.0231595, 1
937, 0.0231595, 1
938, 0.0231595, 1
939, 0.0231595, 1
940, 0.0231595, 1
941, 0.0231595, 1
942, 0.0231595, 1
943, 0.0231595, 1
944, 0.0231595, 1
945, 0.0231595, 1
946, 0.0231595, 1
947, 0.0231595, 1
948, 0.0231595, 1
949, 0.0231595, 1
950, 0.0231595, 1
951, 0.0231595, 1
952, 0.0231595, 1
953, 0.0231594, 1
954, 0.0231594, 1
955, 0.0231594, 1
956, 0.0231594, 1
957, 0.0231595, 1
958, 0.0231595, 1
959, 0.0231595, 1
960, 0.0231595, 1
961, 0.0231595, 1
962, 0.0231595, 1
963, 0.0231595, 1
964, 0.0231595, 1
965, 0.0231595, 1
966, 0.0231595, 1
967, 0.0231595, 1
968, 0.0231595, 1
969, 0.0231595, 1
970, 0.0231594, 1
971, 0.0231594, 1
972, 0.0231594, 1
973, 0.0231594, 1
974, 0.0231594, 1
975, 0.0231594, 1
976, 0.0231594, 1
977, 0.0231594, 1
978, 0.0231594, 1
979, 0.0231595, 1
980, 0.0231595, 1
981, 0.0231595, 1
982, 0.0231595, 1
983, 0.0231595, 1
984, 0.0231595, 1
985, 0.0231595, 1
986, 0.0231595, 1
987, 0.0231595, 1
988, 0.0231595, 1
989, 0.0231595, 1
990, 0.0231595, 1
991, 0.0231595, 1
992, 0.0231595, 1
993, 0.0231595, 1
994, 0.0231595, 1
995, 0.0231595, 1
996, 0.0231595, 1
997, 0.0231596, 1
998, 0.0231596, 1
999, 0.0231596, 1
1000, 0.0231596, 1
1001, 0.0231597, 1
1002, 0.0231597, 1
1003, 0.0231597, 1
1004, 0.0231597, 1
1005, 0.0231598, 1
1006, 0.0231598, 1
1007, 0.0231598, 1
1008, 0.0231598, 1
1009, 0.0231599, 1
1010, 0.0231599, 1
1011, 0.0231599, 1
1012, 0.0231599, 1
1013, 0.02316, 1
1014, 0.02316, 1
1015, 0.0231601, 1
1016, 0.0231601, 1
1017, 0.0231602, 1
1018, 0.0231602, 1
1019, 0.0231603, 1
1020, 0.0231603, 1
1021, 0.0231604, 1
1022, 0.0231604, 1
1023, 0.0231605, 1
1024, 0.0231605, 1
1025, 0.0231605, 1
1026, 0.0231606, 1
1027, 0.0231606, 1
1028, 0.0231606, 1
1029, 0.0231606, 1
1030, 0.0231606, 1
1031, 0.0231606, 1
1032, 0.0231606, 1
1033, 0.0231606, 1
1034, 0.0231605, 1
1035, 0.0231605, 1
1036, 0.0231605, 1
1037, 0.0231604, 1
1038, 0.0231603, 1
1039, 0.0231602, 1
1040, 0.0231601, 1
1041, 0.0231599, 1
1042, 0.0231598, 1
1043, 0.0231596, 1
1044, 0.0231593, 1
1045, 0.0231591, 1
1046, 0.0231587, 1
1047, 0.0231584, 1
1048, 0.023158, 1
1049, 0.0231576, 1
1050, 0.0231571, 1
1051, 0.0231566, 1
1052, 0.023156, 1
1053, 0.0231553, 1
1054, 0.0231547, 1
1055, 0.0231539, 1
1056, 0.0231531, 1
1057, 0.0231523, 1
1058, 0.0231513, 1
1059, 0.0231504, 1
1060, 0.0231493, 1
1061, 0.0231482, 1
1062, 0.023147, 1
1063, 0.0231457, 1
1064, 0.0231444, 1
1065, 0.023143, 1
1066, 0.0231415, 1
1067, 0.0231399, 1
1068, 0.0231383, 1
1069, 0.0231367, 1
1070, 0.0231349, 1
1071, 0.0231332, 1
1072, 0.0231314, 1
1073, 0.0231296, 1
1074, 0.0231277, 1
1075, 0.0231259, 1
1076, 0.0231241, 1
1077, 0.0231223, 1
1078, 0.0231206, 1
1079, 0.0231189, 1
1080, 0.0231174, 1
1081, 0.023116, 1
1082, 0.0231147, 1
1083, 0.0231136, 1
1084, 0.0231127, 1
1085, 0.023112, 1
1086, 0.0231117, 1
1087, 0.0231117, 1
1088, 0.0231121, 1
1089, 0.023113, 1
1090, 0.0231144, 1
1091, 0.0231163, 1
1092, 0.0231189, 1
1093, 0.0231222, 1
1094, 0.0231263, 1
1095, 0.0231312, 1
1096, 0.0231371, 1
1097, 0.0231441, 1
1098, 0.0231522, 1
1099, 0.0231615, 1
1100, 0.0231722, 1
1101, 0.0231843, 1
1102, 0.0231979, 1
1103, 0.0232132, 1
1104, 0.0232303, 1
1105, 0.0232492, 1
1106, 0.0232702, 1
1107, 0.0232933, 1
1108, 0.0233186, 1
1109, 0.0233462, 1
1110, 0.0233764, 1
1111, 0.023409, 1
1112, 0.0234444, 1
1113, 0.0234825, 1
1114, 0.0235234, 1
1115, 0.0235673, 1
1116, 0.0236141, 1
1117, 0.0236638, 1
1118, 0.0237166, 1
1119, 0.0237723, 1
1120, 0.023831, 1
1121, 0.0238925, 1
1122, 0.0239567, 1
1123, 0.0240234, 1
1124, 0.0240925, 1
1125, 0.0241637, 1
1126, 0.0242366, 1
1127, 0.0243109, 1
1128, 0.0243861, 1
1129, 0.0244616, 1
1130, 0.0245369, 1
1131, 0.0246112, 1
1132, 0.0246838, 1
1133, 0.0247536, 1
1134, 0.0248197, 1
1135, 0.024881, 1
1136, 0.0249363, 1
1137, 0.0249841, 1
1138, 0.0250231, 1
1139, 0.0250517, 1
1140, 0.0250683, 1
1141, 0.025071, 1
1142, 0.0250582, 1
1143, 0.0250278, 1
1144, 0.024978, 1
1145, 0.0249069, 1
1146, 0.0248125, 1
1147, 0.0246929, 1
1148, 0.0245463, 1
1149, 0.024371, 1
1150, 0.0241654, 1
1151, 0.0239281, 1
1152, 0.0236579, 1
1153, 0.023354, 1
1154, 0.0230157, 1
1155, 0.0226427, 1
1156, 0.0222351, 1
1157, 0.0217934, 1
1158, 0.0213183, 1
1159, 0.0208112, 1
1160, 0.0202736, 1
1161, 0.0197075, 1
1162, 0.0191153, 1
1163, 0.0184997, 1
1164, 0.0178636, 1
1165, 0.0172102, 1
1166, 0.016543, 1
1167, 0.0158653, 1
1168, 0.0151808, 1
1169, 0.014493, 1
1170, 0.0138054, 1
1171, 0.0131215, 1
1172, 0.0124445, 1
1173, 0.0117774, 1
1174, 0.011123, 1
1175, 0.0104839, 1
1176, 0.00986221, 1
1177, 0.00925993, 1
1178, 0.00867866, 1
1179, 0.00811972, 1
1180, 0.0075841, 1
1181, 0.00707255, 1
1182, 0.0065855, 1
1183, 0.00612316, 1
1184, 0.00568552, 1
1185, 0.00527236, 1
1186, 0.00488328, 1
1187, 0.00451774, 1
1188, 0.00417508, 1
1189, 0.00385453, 1
1190, 0.00355525, 1
1191, 0.00327632, 1
1192, 0.00301681, 1
1193, 0.00277574, 1
1194, 0.00255213, 1
1195, 0.00234499, 1
1196, 0.00215335, 1
1197, 0.00197626, 1
1198, 0.0018128, 1
1199, 0.00166205, 1
1200, 0.00152317, 1
1201, 0.00139532, 1
1202, 0.00127772, 1
1203, 0.00116963, 1
1204, 0.00107035, 1
1205, 0.000979203, 1
1206, 0.00089558, 1
1207, 0.000818896, 1
1208, 0.00074861, 1
1209, 0.000684215, 1
1210, 0.000625241, 1
1211, 0.000571251, 1
1212, 0.00052184, 1
1213, 0.000476633, 1
1214, 0.000435285, 1
1215, 0.000397476, 1
1216, 0.00036291, 1
1217, 0.000331317, 1
1218, 0.000302445, 1
1219, 0.000276067, 1
1220, 0.000251969, 1
1221, 0.000229959, 1
1222, 0.000209857, 1
1223, 0.000191502, 1
1224, 0.000174742, 1
1225, 0.000159442, 1
1226, 0.000145474, 1
1227, 0.000132725, 1
1228, 0.000121088, 1
1229, 0.000110468, 1
1230, 0.000100777, 1
1231, 9.19325e-05, 1
1232, 8.38624e-05, 1
1233, 7.64988e-05, 1
1234, 6.97804e-05, 1
1235, 6.36507e-05, 1
1236, 5.80584e-05, 1
1237, 5.29565e-05, 1
1238, 4.83023e-05, 1
1239, 4.40565e-05, 1
1240, 4.01834e-05, 1
1241, 3.66504e-05, 1
1242, 3.34277e-05, 1
1243, 3.04881e-05, 1
1244, 2.78067e-05, 1
1245, 2.53609e-05, 1
1246, 2.31301e-05, 1
1247, 2.10954e-05, 1
1248, 1.92396e-05, 1
1249, 1.75469e-05, 1
1250, 1.60031e-05, 1
1251, 1.4595e-05, 1
1252, 1.33108e-05, 1
1253, 1.21395e-05, 1
1254, 1.10713e-05, 1
1255, 1.0097e-05, 1
1256, 9.20845e-06, 1
1257, 8.39806e-06, 1
1258, 7.65897e-06, 1
1259, 6.98491e-06, 1
1260, 6.37016e-06, 1
1261, 5.8095e-06, 1
1262, 5.29818e-06, 1
1263, 4.83186e-06, 1
1264, 4.40657e-06, 1
1265, 4.01872e-06, 1
1266, 3.66499e-06, 1
1267, 3.3424e-06, 1
1268, 3.0482e-06, 1
1269, 2.77989e-06, 1
1270, 2.5352e-06, 1
1271, 2.31204e-06, 1
1272, 2.10853e-06, 1
1273, 1.92293e-06, 1
1274, 1.75366e-06, 1
1275, 1.59929e-06, 1
1276, 1.45852e-06, 1
1277, 1.33013e-06, 1
1278, 1.21304e-06, 1
1279, 1.10626e-06, 1
1280, 1.00888e-06, 1
1281, 9.20072e-07, 1
1282, 8.39081e-07, 1
1283, 7.65218e-07, 1
1284, 6.97858e-07, 1
1285, 6.36427e-07, 1
1286, 5.80403e-07, 1
1287, 5.29311e-07, 1
1288, 4.82717e-07, 1
1289, 4.40224e-07, 1
1290, 4.01472e-07, 1
1291, 3.6613e-07, 1
1292, 3.339e-07, 1
1293, 3.04507e-07, 1
1294, 2.77702e-07, 1
1295, 2.53256e-07, 1
1296, 2.30962e-07, 1
1297, 2.10631e-07, 1
1298, 1.92089e-07, 1
1299, 1.7518e-07, 1
1300, 1.59759e-07, 1
1301, 1.45695e-07, 1
1302, 1.3287e-07, 1
