1 1 0.95 0.9 0.85 0.8 0.75 0.7 0.65 0.6 0.55 0.5 0.45 0.4 0.35 0.3 0.25 0.2 0.15 0.1 0.05 0 -0.05 -0.1 -0.15 -0.2 -0.25 -0.3 -0.35 -0.4 -0.45 -0.5 -0.55 -0.6 -0.65 -0.7 -0.75 -0.8 -0.85 -0.9 -0.95 -1 -1 
1 1 1.01497 0.9405 0.88825 0.836 0.78375 0.7315 0.67925 0.627 0.57475 0.5225 0.47025 0.418 0.36575 0.3135 0.26125 0.209 0.15675 0.1045 0.05225 -3.70797e-18 -0.05225 -0.1045 -0.15675 -0.209 -0.26125 -0.3135 -0.36575 -0.418 -0.47025 -0.5225 -0.57475 -0.627 -0.67925 -0.7315 -0.78375 -0.836 -0.88825 -0.9405 -1.01497 -1 -1 
1 1 1.00264 1.03863 0.91628 0.874733 0.820062 0.765391 0.710721 0.65605 0.601379 0.546708 0.492037 0.437367 0.382696 0.328025 0.273354 0.218683 0.164012 0.109342 0.0546708 -6.9767e-18 -0.0546708 -0.109342 -0.164012 -0.218683 -0.273354 -0.328025 -0.382696 -0.437367 -0.492037 -0.546708 -0.601379 -0.65605 -0.710721 -0.765391 -0.820062 -0.874733 -0.920451 -1.04091 -0.996191 -1 -1 
1 1 1.00026 1.01004 1.07248 0.86421 0.865992 0.801572 0.744317 0.687061 0.629806 0.572551 0.515296 0.458041 0.400786 0.343531 0.286276 0.22902 0.171765 0.11451 0.0572551 -1.02577e-17 -0.0572551 -0.11451 -0.171765 -0.22902 -0.286276 -0.343531 -0.400786 -0.458041 -0.515296 -0.572551 -0.629806 -0.687061 -0.744317 -0.801572 -0.862115 -0.877314 -1.08181 -0.991367 -1.00038 -1 -1 
1 1 1.00004 1.00114 1.02447 1.09643 0.794936 0.868425 0.776335 0.719788 0.659806 0.599823 0.539841 0.479859 0.419876 0.359894 0.299912 0.239929 0.179947 0.119965 0.0599823 -1.34147e-17 -0.0599823 -0.119965 -0.179947 -0.239929 -0.299912 -0.359894 -0.419876 -0.479859 -0.539841 -0.599823 -0.659806 -0.719788 -0.778714 -0.858005 -0.796581 -1.129 -0.998843 -1.00071 -0.999922 -1 -1 
1 1 1.00001 1.00024 1.00195 1.04469 1.08041 0.758626 0.866446 0.736701 0.692774 0.628504 0.565654 0.502804 0.439953 0.377103 0.314252 0.251402 0.188551 0.125701 0.0628504 -1.66558e-17 -0.0628504 -0.125701 -0.188551 -0.251402 -0.314252 -0.377103 -0.439953 -0.502804 -0.565654 -0.628504 -0.691645 -0.747353 -0.872423 -0.78506 -1.05786 -1.02671 -1.00104 -0.999756 -0.999999 -1 -1 
1 1 1 1.00003 1.00051 0.987961 1.07069 1.06047 0.739761 0.865393 0.683462 0.670627 0.59474 0.529128 0.462987 0.396846 0.330705 0.264564 0.198423 0.132282 0.066141 -2.11716e-17 -0.066141 -0.132282 -0.198423 -0.264564 -0.330705 -0.396846 -0.462987 -0.529128 -0.595197 -0.663647 -0.701343 -0.888396 -0.777071 -1.00951 -1.04318 -0.995955 -0.999283 -1.00006 -1 -1 -1 
1 1 1 1.00001 1.00012 0.997787 0.967092 1.10245 1.03184 0.737638 0.84704 0.626903 0.653954 0.554654 0.488893 0.418909 0.349091 0.279273 0.209455 0.139636 0.0698182 -2.62752e-17 -0.0698182 -0.139636 -0.209455 -0.279273 -0.349091 -0.418909 -0.488743 -0.557943 -0.637871 -0.635054 -0.896466 -0.778541 -0.976699 -1.05916 -0.979384 -0.998253 -1.00028 -0.999979 -1 -1 -1 
1 1 1 1 1.00003 0.999762 0.98961 0.96696 1.12485 0.987999 0.737616 0.796794 0.596159 0.626946 0.504559 0.444033 0.36895 0.295191 0.221393 0.147595 0.0737977 -3.25594e-17 -0.0737977 -0.147595 -0.221393 -0.295191 -0.368986 -0.44291 -0.513995 -0.615263 -0.576911 -0.856832 -0.788412 -0.954272 -1.08194 -0.950072 -0.994147 -1.00063 -0.999893 -1 -1 -1 -1 
1 1 1 1 1.00001 0.999977 0.999856 0.981464 0.988356 1.1435 0.926212 0.713906 0.74119 0.576424 0.5861 0.4487 0.394773 0.312346 0.234472 0.15631 0.0781552 -4.01065e-17 -0.0781552 -0.15631 -0.234466 -0.312603 -0.391283 -0.462045 -0.587551 -0.556533 -0.76754 -0.778615 -0.950108 -1.11368 -0.909432 -0.982544 -1.0012 -0.999671 -1.00002 -1 -1 -1 -1 
1 1 1 1 1 1 0.999948 0.999689 0.979004 1.02287 1.16915 0.823456 0.678759 0.693499 0.549109 0.531077 0.392287 0.338803 0.248102 0.165959 0.0829623 -4.77865e-17 -0.0829627 -0.165927 -0.248826 -0.333099 -0.403161 -0.540979 -0.538161 -0.697475 -0.721903 -0.943072 -1.183 -0.85774 -0.957226 -1.00191 -0.999161 -1.00008 -0.999998 -1 -1 -1 -1 
1 1 1 1 1 1 0.999996 0.999881 0.993 0.984912 1.06668 1.18625 0.678931 0.654521 0.647978 0.508039 0.462827 0.336023 0.271793 0.175316 0.0882618 -8.09955e-07 -0.0882022 -0.17628 -0.266439 -0.340296 -0.47378 -0.50985 -0.642773 -0.648021 -0.914159 -1.29687 -0.785184 -0.912092 -1.00204 -0.998228 -1.0002 -0.999998 -1 -1 -1 -1 -1 
1 1 1 1 1 1 1 0.999961 0.99992 0.988056 0.98461 1.12525 1.09946 0.571739 0.644521 0.591216 0.454025 0.38381 0.274062 0.191107 0.0929568 2.66921e-05 -0.093496 -0.188658 -0.272947 -0.389476 -0.464254 -0.588326 -0.590009 -0.845339 -1.40754 -0.734076 -0.835911 -0.993152 -0.997231 -1.00028 -1.00003 -1 -1 -1 -1 -1 -1 
1 1 1 1 1 1 1 0.999999 0.999934 1.00004 0.982313 0.989447 1.15923 0.918912 0.54792 0.619574 0.516896 0.387115 0.300493 0.198056 0.0998979 -7.21648e-05 -0.099715 -0.196045 -0.299838 -0.397456 -0.525533 -0.545728 -0.749627 -1.42807 -0.771583 -0.749733 -0.960397 -0.995726 -1.00026 -1.00004 -1 -1 -1 -1 -1 -1 -1 
1 1 1 1 1 1 1 1 0.999972 0.999977 0.996203 0.982102 1.05291 1.11749 0.712914 0.551925 0.565636 0.426636 0.309739 0.212839 0.105765 -7.86201e-05 -0.10535 -0.209732 -0.314314 -0.447035 -0.49974 -0.64753 -1.3423 -0.862858 -0.713375 -0.911884 -0.979575 -1.00027 -1.00006 -1.00001 -1 -1 -1 -1 -1 -1 -1 
1 1 1 1 1 1 1 1 0.999999 0.999966 0.999128 0.990342 0.978771 1.1002 1.05473 0.548738 0.535465 0.492201 0.330855 0.223849 0.114202 -0.0001172 -0.112694 -0.222067 -0.353998 -0.443239 -0.526516 -1.2227 -0.942604 -0.722669 -0.876034 -0.944235 -1.0015 -1.00006 -1.00001 -1 -1 -1 -1 -1 -1 -1 -1 
1 1 1 1 1 1 1 1 1 0.99999 0.999776 0.999451 0.984092 0.980262 1.11989 0.925653 0.461696 0.510077 0.396759 0.233875 0.123615 1.12893e-05 -0.120334 -0.24947 -0.375258 -0.395957 -1.08326 -1.02315 -0.724977 -0.850853 -0.902618 -1.00938 -0.999887 -1.00001 -0.999998 -1 -1 -1 -1 -1 -1 -1 -1 
1 1 1 1 1 1 1 1 1 0.999999 1.00001 0.999649 1.00344 0.976134 1.01044 1.11251 0.744088 0.433936 0.449555 0.275683 0.129444 0.000871029 -0.133456 -0.288604 -0.321807 -0.868273 -1.14991 -0.686911 -0.804518 -0.850866 -1.03197 -0.999423 -1.00003 -0.999996 -1 -1 -1 -1 -1 -1 -1 -1 -1 
1 1 1 1 1 1 1 1 1 1 1 0.999922 1.00066 0.996077 0.979315 1.04143 1.10375 0.518152 0.402932 0.341595 0.141342 0.000627916 -0.161381 -0.259387 -0.610713 -1.37635 -0.543108 -0.73989 -0.776572 -1.05638 -1.00193 -1.0001 -0.999988 -1 -1 -1 -1 -1 -1 -1 -1 -1 -1 
1 1 1 1 1 1 1 1 1 1 1 0.999972 1.00021 0.999517 0.988672 0.979948 1.08358 0.903664 0.377115 0.342414 0.176787 -0.00353321 -0.157896 -0.335058 -1.37818 -0.630145 -0.617874 -0.691397 -1.02004 -1.01746 -1.00031 -0.999984 -1 -1 -1 -1 -1 -1 -1 -1 -1 -1 -1 
1 1 1 1 1 1 1 1 1 1 1 0.99999 1.00007 0.999969 0.999521 0.981518 1.02066 1.03506 0.619286 0.308184 0.211021 -0.00171741 -0.163786 -1.01476 -0.82142 -0.610056 -0.67412 -0.865075 -1.02377 -1.0005 -1.00007 -1 -1 -1 -1 -1 -1 -1 -1 -1 -1 -1 -1 
1 1 1 1 1 1 1 1 1 1 1 0.999998 1 1.00007 0.999904 0.995442 0.966996 1.04358 1.01997 0.366568 0.202749 0.00675445 -0.624038 -0.899653 -0.615991 -0.627514 -0.812416 -1.03028 -0.992161 -1 -0.999981 -0.999999 -1 -1 -1 -1 -1 -1 -1 -1 -1 -1 -1 
1 1 1 1 1 1 1 1 1 1 1 1 0.999999 1.00002 1.00004 0.999617 0.988291 0.957598 1.06339 0.814646 0.195738 -0.127604 -0.976944 -0.568902 -0.577587 -0.78185 -1.00611 -0.978779 -1.00159 -0.999968 -1 -1 -1 -1 -1 -1 -1 -1 -1 -1 -1 -1 -1 
1 1 1 1 1 1 1 1 1 1 1 1 0.999999 0.999994 1.00003 0.999982 0.999916 0.978402 0.985082 1.04259 0.423655 -0.599783 -0.627979 -0.52938 -0.73644 -0.965943 -0.963879 -1.00609 -1.00013 -1.00002 -0.999999 -1 -1 -1 -1 -1 -1 -1 -1 -1 -1 -1 -1 
1 1 1 1 1 1 1 1 1 1 1 1 1 0.999998 1 1.00004 0.999956 1.00247 0.973364 0.994783 0.740532 -0.648415 -0.559273 -0.64848 -0.890821 -0.946195 -1.01687 -1.0011 -0.999996 -0.999993 -1 -1 -1 -1 -1 -1 -1 -1 -1 -1 -1 -1 -1 
1 1 1 1 1 1 1 1 1 1 1 1 1 1 0.999999 1.00001 1.00002 1.00033 1.00087 0.974706 0.952204 -0.541486 -0.62679 -0.803922 -0.911654 -1.04755 -0.996979 -0.999763 -0.999988 -1 -1 -1 -1 -1 -1 -1 -1 -1 -1 -1 -1 -1 -1 
1 1 1 1 1 1 1 1 1 1 1 1 1 1 0.999999 0.999997 1.00001 0.999979 1.0005 1.00853 0.959344 -0.274389 -0.761036 -0.8447 -1.10585 -0.982407 -0.999933 -1.00004 -1.00001 -0.999999 -1 -1 -1 -1 -1 -1 -1 -1 -1 -1 -1 -1 -1 
1 1 1 1 1 1 1 1 1 1 1 1 1 1 1 0.999999 1 1.00001 1.00006 1.00242 0.999087 -0.106126 -0.752744 -1.16671 -0.976399 -0.999523 -1.00007 -1.00001 -0.999998 -1 -1 -1 -1 -1 -1 -1 -1 -1 -1 -1 -1 -1 -1 
1 1 1 1 1 1 1 1 1 1 1 1 1 1 1 1 0.999999 1 1.00002 1.00072 1.00154 0.179203 -1.28246 -0.901168 -0.997713 -1.00015 -0.999997 -0.999996 -1 -1 -1 -1 -1 -1 -1 -1 -1 -1 -1 -1 -1 -1 -1 
1 1 1 1 1 1 1 1 1 1 1 1 1 1 1 1 0.999999 0.999999 1.00001 0.999999 1.0012 -0.166196 -0.849313 -0.985632 -1.00008 -0.999987 -0.999995 -1 -1 -1 -1 -1 -1 -1 -1 -1 -1 -1 -1 -1 -1 -1 -1 
1 1 1 1 1 1 1 1 1 1 1 1 1 1 1 1 1 0.999999 1 1.00001 1.00012 0.0186667 -1.01293 -1.00592 -0.999949 -0.999995 -1 -1 -1 -1 -1 -1 -1 -1 -1 -1 -1 -1 -1 -1 -1 -1 -1 
1 1 1 1 1 1 1 1 1 1 1 1 1 1 1 1 1 1 0.999999 1 1.00002 0.00413756 -1.00622 -0.997923 -1.00001 -1.00001 -0.999999 -1 -1 -1 -1 -1 -1 -1 -1 -1 -1 -1 -1 -1 -1 -1 -1 
1 1 1 1 1 1 1 1 1 1 1 1 1 1 1 1 1 1 1 0.999999 1 -0.005141 -0.994146 -1.00071 -1.00001 -0.999996 -1 -1 -1 -1 -1 -1 -1 -1 -1 -1 -1 -1 -1 -1 -1 -1 -1 
1 1 1 1 1 1 1 1 1 1 1 1 1 1 1 1 1 1 1 1 1 0.00306304 -1.0033 -0.999772 -0.999989 -1 -1 -1 -1 -1 -1 -1 -1 -1 -1 -1 -1 -1 -1 -1 -1 -1 -1 
1 1 1 1 1 1 1 1 1 1 1 1 1 1 1 1 1 1 1 1 0.999999 -0.00148294 -0.998453 -1.00006 -1.00001 -1 -1 -1 -1 -1 -1 -1 -1 -1 -1 -1 -1 -1 -1 -1 -1 -1 -1 
1 1 1 1 1 1 1 1 1 1 1 1 1 1 1 1 1 1 1 1 1 0.000631091 -1.00064 -0.999988 -0.999998 -1 -1 -1 -1 -1 -1 -1 -1 -1 -1 -1 -1 -1 -1 -1 -1 -1 -1 
1 1 1 1 1 1 1 1 1 1 1 1 1 1 1 1 1 1 1 1 1 -0.000244133 -0.999754 -1 -1 -1 -1 -1 -1 -1 -1 -1 -1 -1 -1 -1 -1 -1 -1 -1 -1 -1 -1 
1 1 1 1 1 1 1 1 1 1 1 1 1 1 1 1 1 1 1 1 1 8.80918e-05 -1.00009 -0.999999 -1 -1 -1 -1 -1 -1 -1 -1 -1 -1 -1 -1 -1 -1 -1 -1 -1 -1 -1 
1 1 1 1 1 1 1 1 1 1 1 1 1 1 1 1 1 1 1 1 1 -3.12889e-05 -0.999968 -1 -1 -1 -1 -1 -1 -1 -1 -1 -1 -1 -1 -1 -1 -1 -1 -1 -1 -1 -1 
1 1 1 1 1 1 1 1 1 1 1 1 1 1 1 1 1 1 1 1 1 1.23436e-05 -1.00001 -0.999999 -1 -1 -1 -1 -1 -1 -1 -1 -1 -1 -1 -1 -1 -1 -1 -1 -1 -1 -1 
1 1 1 1 1 1 1 1 1 1 1 1 1 1 1 1 1 1 1 1 1 -5.7783e-06 -0.999994 -1 -1 -1 -1 -1 -1 -1 -1 -1 -1 -1 -1 -1 -1 -1 -1 -1 -1 -1 -1 
1 1 1 1 1 1 1 1 1 1 1 1 1 1 1 1 1 1 1 1 1 2.84393e-06 -1 -1 -1 -1 -1 -1 -1 -1 -1 -1 -1 -1 -1 -1 -1 -1 -1 -1 -1 -1 -1 
1 1 1 1 1 1 1 1 1 1 1 1 1 1 1 1 1 1 1 1 1 -1.36597e-06 -0.999999 -1 -1 -1 -1 -1 -1 -1 -1 -1 -1 -1 -1 -1 -1 -1 -1 -1 -1 -1 -1 
1 1 1 1 1 1 1 1 1 1 1 1 1 1 1 1 1 1 1 1 1 6.23623e-07 -1 -1 -1 -1 -1 -1 -1 -1 -1 -1 -1 -1 -1 -1 -1 -1 -1 -1 -1 -1 -1 
1 1 1 1 1 1 1 1 1 1 1 1 1 1 1 1 1 1 1 1 1 -2.68629e-07 -1 -1 -1 -1 -1 -1 -1 -1 -1 -1 -1 -1 -1 -1 -1 -1 -1 -1 -1 -1 -1 
1 1 1 1 1 1 1 1 1 1 1 1 1 1 1 1 1 1 1 1 1 1.08553e-07 -1 -1 -1 -1 -1 -1 -1 -1 -1 -1 -1 -1 -1 -1 -1 -1 -1 -1 -1 -1 -1 
1 1 1 1 1 1 1 1 1 1 1 1 1 1 1 1 1 1 1 1 1 -4.06147e-08 -1 -1 -1 -1 -1 -1 -1 -1 -1 -1 -1 -1 -1 -1 -1 -1 -1 -1 -1 -1 -1 
1 1 1 1 1 1 1 1 1 1 1 1 1 1 1 1 1 1 1 1 1 1.37237e-08 -1 -1 -1 -1 -1 -1 -1 -1 -1 -1 -1 -1 -1 -1 -1 -1 -1 -1 -1 -1 -1 
