1 1 0.95 0.9 0.85 0.8 0.75 0.7 0.65 0.6 0.55 0.5 0.45 0.4 0.35 0.3 0.25 0.2 0.15 0.1 0.05 0 -0.05 -0.1 -0.15 -0.2 -0.25 -0.3 -0.35 -0.4 -0.45 -0.5 -0.55 -0.6 -0.65 -0.7 -0.75 -0.8 -0.85 -0.9 -0.95 -1 -1 
1 1 1.01497 0.9405 0.88825 0.836 0.78375 0.7315 0.67925 0.627 0.57475 0.5225 0.47025 0.418 0.36575 0.3135 0.26125 0.209 0.15675 0.1045 0.05225 -3.70797e-18 -0.05225 -0.1045 -0.15675 -0.209 -0.26125 -0.3135 -0.36575 -0.418 -0.47025 -0.5225 -0.57475 -0.627 -0.67925 -0.7315 -0.78375 -0.836 -0.88825 -0.9405 -1.01497 -1 -1 
1 1 1.0016 1.04807 0.90788 0.874733 0.820062 0.765391 0.710721 0.65605 0.601379 0.546708 0.492037 0.437367 0.382696 0.328025 0.273354 0.218683 0.164012 0.109342 0.0546708 -6.92863e-18 -0.0546708 -0.109342 -0.164012 -0.218683 -0.273354 -0.328025 -0.382696 -0.437367 -0.492037 -0.546708 -0.601379 -0.65605 -0.710721 -0.765391 -0.820062 -0.874733 -0.920451 -1.04226 -0.994835 -1 -1 
1 1 1.00018 1.00722 1.12647 0.811578 0.866442 0.801324 0.744087 0.686849 0.629612 0.572374 0.515137 0.4579 0.400662 0.343425 0.286187 0.22895 0.171712 0.114475 0.0572374 -9.86136e-18 -0.0572374 -0.114475 -0.171712 -0.22895 -0.286187 -0.343425 -0.400662 -0.4579 -0.515137 -0.572374 -0.629612 -0.686849 -0.744087 -0.801324 -0.861828 -0.871628 -1.09446 -0.984713 -0.999259 -1 -1 
1 1 1.00003 1.00124 1.02516 1.05537 0.829665 0.867875 0.772942 0.718259 0.658404 0.598549 0.538694 0.478839 0.418984 0.35913 0.299275 0.23942 0.179565 0.11971 0.0598549 -1.27632e-17 -0.0598549 -0.11971 -0.179565 -0.23942 -0.299275 -0.35913 -0.418984 -0.478839 -0.538694 -0.598549 -0.658404 -0.718259 -0.777107 -0.85716 -0.736637 -1.18621 -0.999076 -0.996241 -0.999851 -1 -1 
1 1 1.00001 1.00028 0.997463 1.04088 0.991068 0.843269 0.877784 0.71806 0.689657 0.625731 0.563158 0.500585 0.438012 0.375439 0.312866 0.250292 0.187719 0.125146 0.0625731 -1.56012e-17 -0.0625731 -0.125146 -0.187719 -0.250292 -0.312866 -0.375439 -0.438012 -0.500585 -0.563158 -0.625731 -0.688567 -0.743974 -0.890681 -0.743721 -1.06458 -1.03107 -0.994207 -1.0017 -0.999964 -1 -1 
1 1 1 1.00005 0.99984 1.00347 1.0478 0.943921 0.852675 0.911981 0.627671 0.670808 0.592262 0.527066 0.461182 0.395299 0.329416 0.263533 0.19765 0.131766 0.0658832 -1.87176e-17 -0.0658832 -0.131766 -0.19765 -0.263533 -0.329416 -0.395299 -0.461182 -0.527066 -0.592883 -0.661041 -0.688522 -0.937836 -0.746057 -0.988977 -1.0349 -0.996371 -1.00367 -1.00023 -0.999994 -1 -1 
1 1 1 1.00001 1.00002 1.00009 1.009 1.07922 0.876639 0.867035 0.815667 0.646753 0.657978 0.5496 0.487426 0.417669 0.348058 0.278446 0.208835 0.139223 0.0696115 -2.37465e-17 -0.0696115 -0.139223 -0.208835 -0.278446 -0.348058 -0.417669 -0.487295 -0.556283 -0.638739 -0.563941 -1.00063 -0.781924 -0.927068 -1.06378 -0.966401 -1.00264 -1.00071 -1.00002 -1 -1 -1 
1 1 1 0.999998 1.00001 1.00003 1.00058 1.01903 1.17284 0.744328 0.860935 0.73923 0.651871 0.643744 0.486971 0.443427 0.368216 0.29461 0.220958 0.147305 0.0736526 -2.99851e-17 -0.0736526 -0.147305 -0.220958 -0.29461 -0.368261 -0.442041 -0.512255 -0.636455 -0.580725 -0.848827 -0.838073 -0.885353 -1.08753 -0.934375 -0.996154 -1.00103 -1.00015 -0.999995 -0.999997 -1 -1 
1 1 1 1 0.999996 1.00002 1.00015 1.00302 1.04522 1.05953 0.789115 0.859286 0.693936 0.607221 0.603931 0.417044 0.394702 0.310839 0.233451 0.155631 0.0778153 -3.69738e-17 -0.0778153 -0.155631 -0.233446 -0.311244 -0.389666 -0.455169 -0.604919 -0.596521 -0.727779 -0.841867 -0.869337 -1.06877 -0.938334 -0.980136 -1.00056 -0.999683 -1.00003 -0.999999 -0.999999 -1 -1 
1 1 1 1 0.999999 0.999996 1.00004 1.00044 0.971091 1.08475 0.999598 0.810584 0.883728 0.614244 0.564464 0.548279 0.353375 0.344813 0.247138 0.165865 0.0829139 -4.37299e-17 -0.0829144 -0.16583 -0.248666 -0.333724 -0.392286 -0.554862 -0.598794 -0.669709 -0.792081 -0.743504 -1.17764 -0.942236 -0.9721 -0.99791 -0.999082 -0.999975 -1 -0.999999 -1 -1 -1 
1 1 1 1 1 0.999998 1 1.00014 0.9932 0.995462 1.09616 0.912582 0.836372 0.867251 0.508659 0.535196 0.458085 0.309174 0.278803 0.173442 0.0882508 -1.15748e-06 -0.0881722 -0.176146 -0.267852 -0.327041 -0.474581 -0.550313 -0.633813 -0.782877 -0.748649 -1.06221 -0.986952 -0.964081 -0.991012 -0.99864 -1.00043 -1.00001 -0.999997 -1 -1 -1 -1 
1 1 1 1 1 1 0.999999 1.00003 0.998877 0.993574 1.00974 1.18769 0.767373 0.845655 0.711207 0.523824 0.503419 0.370884 0.259409 0.198566 0.092209 5.45292e-05 -0.0943304 -0.192492 -0.263128 -0.389462 -0.483869 -0.588432 -0.768131 -0.750236 -0.981748 -0.9989 -0.947615 -1.00672 -0.995776 -1.00192 -0.999747 -0.999998 -1 -1 -1 -1 -1 
1 1 1 1 1 1 0.999999 1.00001 0.999937 0.997388 0.996344 1.04065 1.07872 0.797812 0.825032 0.638067 0.451479 0.433384 0.282363 0.197227 0.102561 -0.000360999 -0.102915 -0.194782 -0.295862 -0.40999 -0.513144 -0.723039 -0.752598 -0.90216 -1.03444 -0.92126 -0.991377 -0.998415 -1.00043 -1.00027 -0.999937 -1 -0.999999 -1 -1 -1 -1 
1 1 1 1 1 1 1 1 0.999996 1.00163 0.995095 0.980333 1.06773 1.01771 0.806604 0.798387 0.545841 0.385085 0.350744 0.196438 0.111267 -0.000435247 -0.109554 -0.210584 -0.325662 -0.422161 -0.656795 -0.66533 -0.921029 -1.08534 -0.885173 -0.977205 -0.995546 -1.00189 -1.00017 -0.999968 -1.00002 -1 -1 -1 -1 -1 -1 
1 1 1 1 1 1 1 1 1 1.00027 1.00289 0.990041 0.993517 1.07091 1.07906 0.681309 0.75989 0.414278 0.322801 0.243915 0.110642 0.000133297 -0.117303 -0.233356 -0.326786 -0.566079 -0.549417 -0.943297 -1.21212 -0.771574 -0.956237 -0.986985 -1.00746 -0.999029 -0.999962 -1.00005 -1 -1 -1 -1 -1 -1 -1 
1 1 1 1 1 1 1 1 1 1.00005 1.00096 0.999545 0.990842 0.947948 1.13632 0.941254 0.717846 0.626899 0.297535 0.25541 0.125823 -0.000830756 -0.128854 -0.232286 -0.436716 -0.556428 -0.767693 -1.48755 -0.558544 -0.890026 -0.963574 -1.02174 -0.99643 -0.999722 -1.00006 -0.99998 -1 -1 -1 -1 -1 -1 -1 
1 1 1 1 1 1 1 1 1 1.00002 1.00041 1.00054 0.996999 0.972048 1.01755 1.11651 0.85924 0.5913 0.406782 0.238042 0.142426 -0.00155875 -0.130438 -0.271865 -0.43653 -0.56395 -1.65466 -0.64466 -0.703801 -0.898382 -1.04136 -0.996318 -0.998418 -0.999974 -0.999964 -0.999992 -1 -1 -1 -1 -1 -1 -1 
1 1 1 1 1 1 1 1 1 1.00001 0.999983 1.00069 0.999198 0.985136 0.981231 1.07077 1.0531 0.693655 0.424146 0.261328 0.142152 0.000156451 -0.139488 -0.299896 -0.404122 -1.41313 -0.913108 -0.666349 -0.767864 -1.01214 -0.998783 -0.997457 -0.999267 -0.999965 -0.999979 -0.999997 -1 -1 -1 -1 -1 -1 -1 
1 1 1 1 1 1 1 1 1 1 0.999999 1.00024 1.00025 1.00268 0.974917 1.01226 1.06563 0.980602 0.476895 0.26703 0.147157 0.00125848 -0.15797 -0.324493 -1.04322 -0.995394 -0.749196 -0.752512 -0.909917 -0.999999 -0.996792 -0.999756 -0.999702 -0.999972 -1 -1 -1 -1 -1 -1 -1 -1 -1 
1 1 1 1 1 1 1 1 1 1 1 0.999833 1.00044 1.00062 0.998103 0.964813 1.03491 1.06588 0.87085 0.264402 0.146876 0.00211403 -0.156127 -0.793367 -0.992233 -0.81361 -0.751706 -0.861556 -0.986398 -0.994924 -0.999291 -0.99971 -0.99993 -0.999997 -0.999999 -1 -1 -1 -1 -1 -1 -1 -1 
1 1 1 1 1 1 1 1 1 1 1 0.999976 0.999414 1.00098 1.00039 0.99224 0.912399 1.10175 1.07478 0.504214 0.179506 0.00330733 -0.387728 -1.13846 -0.692926 -0.708071 -0.891154 -0.955412 -0.993413 -1.00192 -0.999804 -1.00003 -1.00004 -1 -1 -1 -1 -1 -1 -1 -1 -1 -1 
1 1 1 1 1 1 1 1 1 1 1 0.999996 0.999857 0.999742 1.00089 0.999276 0.971855 0.951001 1.09906 0.959722 0.173847 0.00800296 -1.11917 -0.595835 -0.701313 -0.820069 -0.913659 -1.00719 -1.00742 -0.99857 -0.999981 -1.00006 -0.99998 -1 -1 -1 -1 -1 -1 -1 -1 -1 -1 
1 1 1 1 1 1 1 1 1 1 1 0.999999 1.00004 0.999767 0.999968 1.00065 1.00747 0.953167 0.977016 1.09389 0.374759 -0.416699 -0.686609 -0.650848 -0.743979 -0.873106 -1.02799 -1.01467 -0.993081 -0.999704 -1.00012 -0.999929 -0.999997 -1 -1 -1 -1 -1 -1 -1 -1 -1 -1 
1 1 1 1 1 1 1 1 1 1 1 1 1.00001 0.999989 0.999754 1.00008 1.0019 0.996965 0.954157 0.998244 0.834354 -0.598707 -0.646206 -0.704287 -0.776716 -1.05304 -1.01115 -0.994138 -1.00121 -1.0002 -0.999808 -0.999985 -0.999999 -1 -1 -1 -1 -1 -1 -1 -1 -1 -1 
1 1 1 1 1 1 1 1 1 1 1 1 1 1 0.999954 0.999751 1.00039 1.00166 0.989365 0.961461 0.975917 -0.462247 -0.689123 -0.687805 -1.08628 -1.00615 -0.990583 -1.00616 -1.00034 -0.999714 -1.00011 -0.999997 -1 -1 -1 -1 -1 -1 -1 -1 -1 -1 -1 
1 1 1 1 1 1 1 1 1 1 1 1 1 1 1.00001 0.999908 0.999595 1.00088 1.00394 0.979582 0.964315 -0.265181 -0.687618 -0.980653 -1.01682 -0.980591 -1.01615 -1.00132 -0.999495 -1.00037 -1.00002 -1 -1 -1 -1 -1 -1 -1 -1 -1 -1 -1 -1 
1 1 1 1 1 1 1 1 1 1 1 1 1 1 1 1.00002 0.999845 0.999266 1.0017 1.01764 0.960936 0.0772857 -1.02198 -1.06815 -0.951603 -1.01201 -1.00291 -0.998931 -1.00104 -1.00006 -1 -1 -1 -1 -1 -1 -1 -1 -1 -1 -1 -1 -1 
1 1 1 1 1 1 1 1 1 1 1 1 1 1 1 1.00001 1.00004 0.999708 0.999335 1.00439 1.01114 0.0430057 -1.1929 -0.858366 -1.00158 -1.00429 -0.997779 -1.00248 -1.00021 -1.00001 -1 -1 -1 -1 -1 -1 -1 -1 -1 -1 -1 -1 -1 
1 1 1 1 1 1 1 1 1 1 1 1 1 1 1 1 1.00002 1.00008 0.999491 0.998651 1.00792 -0.269217 -0.772941 -0.958847 -1.00858 -0.994425 -1.00133 -1.00077 -1.00007 -0.999995 -0.999999 -1 -1 -1 -1 -1 -1 -1 -1 -1 -1 -1 -1 
1 1 1 1 1 1 1 1 1 1 1 1 1 1 1 1 0.999999 1.00003 1.00028 0.999136 0.999622 0.0302991 -0.987945 -1.05677 -0.983103 -1.00057 -1.00083 -1.00018 -0.999966 -1 -1 -1 -1 -1 -1 -1 -1 -1 -1 -1 -1 -1 -1 
1 1 1 1 1 1 1 1 1 1 1 1 1 1 1 1 1 1 1.00007 1.00011 0.999208 0.068634 -1.14494 -0.924166 -0.99786 -1.00135 -0.999716 -0.999966 -1.00003 -1 -1 -1 -1 -1 -1 -1 -1 -1 -1 -1 -1 -1 -1 
1 1 1 1 1 1 1 1 1 1 1 1 1 1 1 1 1 1 0.999979 1.00011 0.99992 -0.158314 -0.861264 -0.979836 -1.00188 -0.99878 -0.999913 -1.00004 -0.999984 -1 -1 -1 -1 -1 -1 -1 -1 -1 -1 -1 -1 -1 -1 
1 1 1 1 1 1 1 1 1 1 1 1 1 1 1 1 1 1 0.999998 0.999992 1.00009 0.028888 -1.01142 -1.02144 -0.996297 -0.999797 -1.00007 -0.999942 -0.999998 -1 -1 -1 -1 -1 -1 -1 -1 -1 -1 -1 -1 -1 -1 
1 1 1 1 1 1 1 1 1 1 1 1 1 1 1 1 1 1 1 0.999996 1 0.023306 -1.04776 -0.97618 -0.999375 -1.00015 -0.999842 -0.999992 -1 -1 -1 -1 -1 -1 -1 -1 -1 -1 -1 -1 -1 -1 -1 
1 1 1 1 1 1 1 1 1 1 1 1 1 1 1 1 1 1 1 1 0.999998 -0.05146 -0.952777 -0.99586 -1.00031 -0.999618 -0.999971 -0.999999 -1 -1 -1 -1 -1 -1 -1 -1 -1 -1 -1 -1 -1 -1 -1 
1 1 1 1 1 1 1 1 1 1 1 1 1 1 1 1 1 1 1 1 1 0.0112804 -1.00782 -1.00447 -0.999062 -0.999935 -0.999996 -1 -1 -1 -1 -1 -1 -1 -1 -1 -1 -1 -1 -1 -1 -1 -1 
1 1 1 1 1 1 1 1 1 1 1 1 1 1 1 1 1 1 1 1 1 0.00275671 -1.00329 -0.999242 -1.00023 -0.999986 -1 -1 -1 -1 -1 -1 -1 -1 -1 -1 -1 -1 -1 -1 -1 -1 -1 
1 1 1 1 1 1 1 1 1 1 1 1 1 1 1 1 1 1 1 1 1 -0.00202947 -0.997829 -1.00013 -1.00001 -1 -1 -1 -1 -1 -1 -1 -1 -1 -1 -1 -1 -1 -1 -1 -1 -1 -1 
1 1 1 1 1 1 1 1 1 1 1 1 1 1 1 1 1 1 1 1 1 0.000960273 -1.00104 -0.999917 -1 -1 -1 -1 -1 -1 -1 -1 -1 -1 -1 -1 -1 -1 -1 -1 -1 -1 -1 
1 1 1 1 1 1 1 1 1 1 1 1 1 1 1 1 1 1 1 1 1 -0.000481732 -0.999524 -0.999993 -1 -0.999999 -1 -1 -1 -1 -1 -1 -1 -1 -1 -1 -1 -1 -1 -1 -1 -1 -1 
1 1 1 1 1 1 1 1 1 1 1 1 1 1 1 1 1 1 1 1 1 0.000157565 -1.00015 -1.00001 -0.999997 -1 -1 -1 -1 -1 -1 -1 -1 -1 -1 -1 -1 -1 -1 -1 -1 -1 -1 
1 1 1 1 1 1 1 1 1 1 1 1 1 1 1 1 1 1 1 1 1 -3.66515e-05 -0.999966 -0.999995 -1 -1 -1 -1 -1 -1 -1 -1 -1 -1 -1 -1 -1 -1 -1 -1 -1 -1 -1 
1 1 1 1 1 1 1 1 1 1 1 1 1 1 1 1 1 1 1 1 1 7.56947e-06 -0.999999 -1.00001 -0.999999 -1 -1 -1 -1 -1 -1 -1 -1 -1 -1 -1 -1 -1 -1 -1 -1 -1 -1 
1 1 1 1 1 1 1 1 1 1 1 1 1 1 1 1 1 1 1 1 1 1.40424e-05 -1.00003 -0.999989 -0.999999 -1 -1 -1 -1 -1 -1 -1 -1 -1 -1 -1 -1 -1 -1 -1 -1 -1 -1 
1 1 1 1 1 1 1 1 1 1 1 1 1 1 1 1 1 1 1 1 1 -2.54713e-05 -0.999976 -0.999998 -1 -1 -1 -1 -1 -1 -1 -1 -1 -1 -1 -1 -1 -1 -1 -1 -1 -1 -1 
1 1 1 1 1 1 1 1 1 1 1 1 1 1 1 1 1 1 1 1 1 6.13374e-06 -1 -1 -0.999999 -1 -1 -1 -1 -1 -1 -1 -1 -1 -1 -1 -1 -1 -1 -1 -1 -1 -1 
1 1 1 1 1 1 1 1 1 1 1 1 1 1 1 1 1 1 1 1 1 1.82752e-06 -1 -0.999999 -1 -1 -1 -1 -1 -1 -1 -1 -1 -1 -1 -1 -1 -1 -1 -1 -1 -1 -1 
1 1 1 1 1 1 1 1 1 1 1 1 1 1 1 1 1 1 1 1 1 -2.43413e-06 -0.999998 -1 -1 -1 -1 -1 -1 -1 -1 -1 -1 -1 -1 -1 -1 -1 -1 -1 -1 -1 -1 
1 1 1 1 1 1 1 1 1 1 1 1 1 1 1 1 1 1 1 1 1 8.02921e-07 -1 -1 -1 -1 -1 -1 -1 -1 -1 -1 -1 -1 -1 -1 -1 -1 -1 -1 -1 -1 -1 
1 1 1 1 1 1 1 1 1 1 1 1 1 1 1 1 1 1 1 1 1 -2.31443e-07 -1 -1 -1 -1 -1 -1 -1 -1 -1 -1 -1 -1 -1 -1 -1 -1 -1 -1 -1 -1 -1 
1 1 1 1 1 1 1 1 1 1 1 1 1 1 1 1 1 1 1 1 1 8.13451e-08 -1 -1 -1 -1 -1 -1 -1 -1 -1 -1 -1 -1 -1 -1 -1 -1 -1 -1 -1 -1 -1 
1 1 1 1 1 1 1 1 1 1 1 1 1 1 1 1 1 1 1 1 1 -1.90008e-08 -1 -1 -1 -1 -1 -1 -1 -1 -1 -1 -1 -1 -1 -1 -1 -1 -1 -1 -1 -1 -1 
