1 1 0.9875 0.975 0.9625 0.95 0.9375 0.925 0.9125 0.9 0.8875 0.875 0.8625 0.85 0.8375 0.825 0.8125 0.8 0.7875 0.775 0.7625 0.75 0.7375 0.725 0.7125 0.7 0.6875 0.675 0.6625 0.65 0.6375 0.625 0.6125 0.6 0.5875 0.575 0.5625 0.55 0.5375 0.525 0.5125 0.5 0.5 
1 1 0.998645 0.982313 0.969719 0.957125 0.944531 0.931938 0.919344 0.90675 0.894156 0.881563 0.868969 0.856375 0.843781 0.831188 0.818594 0.806 0.793406 0.780813 0.768219 0.755625 0.743031 0.730438 0.717844 0.70525 0.692656 0.680063 0.667469 0.654875 0.642281 0.629688 0.617094 0.6045 0.591906 0.579313 0.566719 0.554125 0.541531 0.528938 0.516344 0.50375 0.5 
1 1 0.999525 0.998159 0.974538 0.964357 0.951668 0.938979 0.926291 0.913602 0.900913 0.888224 0.875535 0.862846 0.850157 0.837468 0.824779 0.81209 0.799401 0.786713 0.774024 0.761335 0.748646 0.735957 0.723268 0.710579 0.69789 0.685201 0.672512 0.659823 0.647134 0.634446 0.621757 0.609068 0.596379 0.58369 0.571001 0.558312 0.545623 0.532934 0.520245 0.509424 0.5 
1 1 0.999909 0.998926 1.00211 0.959572 0.959635 0.946128 0.933343 0.920557 0.907772 0.894986 0.882201 0.869415 0.85663 0.843844 0.831059 0.818273 0.805488 0.792702 0.779917 0.767131 0.754345 0.74156 0.728774 0.715989 0.703203 0.690418 0.677632 0.664847 0.652061 0.639276 0.62649 0.613705 0.600919 0.588134 0.575348 0.562563 0.549777 0.536992 0.524543 0.512349 0.5 
1 1 0.999969 0.999509 1.0002 0.984555 0.959599 0.957861 0.94007 0.927604 0.914721 0.901837 0.888954 0.876071 0.863187 0.850304 0.83742 0.824537 0.811654 0.79877 0.785887 0.773003 0.76012 0.747237 0.734353 0.72147 0.708587 0.695703 0.68282 0.669936 0.657053 0.64417 0.631286 0.618403 0.605519 0.592636 0.579753 0.566869 0.553986 0.541157 0.528385 0.51601 0.5 
1 1 0.999989 0.999783 0.999787 0.998474 0.983728 0.944779 0.95721 0.930934 0.921905 0.908807 0.895824 0.882841 0.869858 0.856875 0.843892 0.830909 0.817926 0.804944 0.791961 0.778978 0.765995 0.753012 0.740029 0.727046 0.714063 0.70108 0.688097 0.675114 0.662131 0.649148 0.636165 0.623182 0.610199 0.597216 0.584233 0.57125 0.558276 0.545313 0.53248 0.519714 0.5 
1 1 0.999996 0.999906 0.999785 0.999331 0.995712 0.964027 0.950117 0.960288 0.914945 0.9171 0.90274 0.889718 0.876634 0.86355 0.850466 0.837382 0.824298 0.811214 0.79813 0.785046 0.771962 0.758877 0.745793 0.732709 0.719625 0.706541 0.693457 0.680373 0.667289 0.654205 0.641121 0.628037 0.614952 0.601868 0.588784 0.575702 0.562621 0.549572 0.536548 0.523673 0.5 
1 1 0.999998 0.999987 0.99985 0.999618 0.998091 1.00043 0.940079 0.954459 0.940454 0.915916 0.91485 0.895914 0.883533 0.870329 0.857143 0.843956 0.830769 0.817582 0.804395 0.791209 0.778022 0.764835 0.751648 0.738461 0.725275 0.712088 0.698901 0.685714 0.672527 0.659341 0.646154 0.632967 0.61978 0.606593 0.593407 0.58022 0.567041 0.553868 0.540757 0.527671 0.5 
1 1 1 0.999994 0.999972 0.999737 0.998985 0.99903 0.9752 0.946289 0.952346 0.938939 0.902169 0.913881 0.88569 0.877442 0.863913 0.85063 0.837339 0.824048 0.810757 0.797466 0.784175 0.770884 0.757593 0.744302 0.731011 0.717719 0.704428 0.691137 0.677846 0.664555 0.651264 0.637973 0.624682 0.611391 0.5981 0.58481 0.571522 0.558252 0.544993 0.531693 0.5 
1 1 1 0.999998 0.999986 0.999921 0.999392 0.999003 0.996243 0.956026 0.948896 0.949293 0.919731 0.9075 0.915652 0.869228 0.872372 0.857282 0.844019 0.83062 0.817223 0.803826 0.790428 0.777031 0.763634 0.750237 0.73684 0.723443 0.710046 0.696649 0.683252 0.669855 0.656458 0.64306 0.629663 0.616266 0.60287 0.589473 0.576081 0.562692 0.549325 0.535605 0.5 
1 1 1 0.999999 0.999994 0.999963 0.99992 0.999053 0.997975 1.00205 0.930386 0.949067 0.952358 0.898153 0.911193 0.894086 0.870729 0.869506 0.849739 0.837332 0.823791 0.810287 0.796782 0.783277 0.769773 0.756268 0.742763 0.729258 0.715753 0.702249 0.688744 0.675239 0.661734 0.64823 0.634725 0.62122 0.607715 0.594212 0.580709 0.567216 0.553723 0.539572 0.5 
1 1 1 1 0.999998 0.999991 0.999938 0.99983 0.99836 0.999611 0.971848 0.927835 0.961205 0.928184 0.90413 0.90789 0.890527 0.858168 0.867811 0.83876 0.830762 0.81682 0.803225 0.789611 0.775997 0.762383 0.748769 0.735155 0.721541 0.707927 0.694313 0.680699 0.667085 0.653471 0.639857 0.626243 0.61263 0.599016 0.585406 0.571795 0.558196 0.543608 0.5 
1 1 1 1 0.999999 0.999995 0.999985 0.999884 0.999237 0.998861 0.996304 0.944882 0.942294 0.959369 0.904883 0.905846 0.904511 0.870528 0.862818 0.868 0.82239 0.825211 0.809606 0.796066 0.782336 0.768611 0.754885 0.74116 0.727435 0.71371 0.699985 0.686259 0.672534 0.658809 0.645084 0.631359 0.617634 0.603909 0.590185 0.576467 0.562747 0.547751 0.5 
1 1 1 1 1 0.999999 0.999991 0.999953 0.99995 0.998785 0.997878 1.00311 0.915399 0.949628 0.935356 0.905323 0.905264 0.905999 0.849424 0.86531 0.84552 0.823816 0.821603 0.801464 0.788827 0.774938 0.761102 0.747264 0.733426 0.719587 0.705749 0.691911 0.678073 0.664234 0.650396 0.636558 0.62272 0.608882 0.595046 0.581209 0.567379 0.551986 0.5 
1 1 1 1 1 0.999999 0.999996 0.999997 0.99993 0.999929 0.997972 0.99998 0.965726 0.930536 0.947182 0.934069 0.889303 0.905601 0.879126 0.857163 0.86062 0.84023 0.812258 0.818736 0.790191 0.781681 0.767376 0.75345 0.739496 0.725543 0.711591 0.697638 0.683685 0.669732 0.65578 0.641827 0.627874 0.613922 0.59997 0.586021 0.572071 0.556305 0.5 
1 1 1 1 1 1 0.999998 0.999997 1.00001 0.999889 0.999145 0.998776 0.995762 0.940719 0.937805 0.943618 0.911642 0.896825 0.901642 0.860262 0.858839 0.855743 0.821017 0.815567 0.817258 0.774395 0.7754 0.759571 0.745693 0.731617 0.717548 0.703478 0.689409 0.675339 0.66127 0.6472 0.633131 0.619061 0.604993 0.590924 0.576859 0.56073 0.5 
1 1 1 1 1 1 1 0.999997 1 0.999974 1.00003 0.998578 0.997637 1.00276 0.909289 0.940337 0.946623 0.88768 0.899043 0.902979 0.839065 0.85714 0.855088 0.801498 0.81643 0.794862 0.774933 0.77095 0.75096 0.737842 0.723602 0.709417 0.695229 0.68104 0.666852 0.652664 0.638475 0.624287 0.610099 0.595913 0.581726 0.565251 0.5 
1 1 1 1 1 1 1 0.999998 0.999999 0.999991 0.999994 1.00011 0.997535 0.999692 0.962755 0.905398 0.960832 0.920026 0.886817 0.907008 0.872375 0.847968 0.856179 0.828017 0.809202 0.810769 0.787904 0.764036 0.76647 0.739793 0.730025 0.715415 0.701131 0.686822 0.672513 0.658204 0.643896 0.629587 0.615279 0.600971 0.586664 0.569852 0.5 
1 1 1 1 1 1 1 0.999999 0.999999 0.999996 0.999992 1.00004 0.999077 0.9984 0.995064 0.926975 0.9298 0.956698 0.891167 0.896144 0.903539 0.847885 0.851982 0.852581 0.808106 0.810007 0.804234 0.769783 0.765352 0.763473 0.724837 0.722807 0.706999 0.692724 0.678286 0.663855 0.649423 0.634992 0.62056 0.60613 0.591699 0.574561 0.5 
1 1 1 1 1 1 1 1 0.999999 0.999998 0.999993 1.00001 1.00006 0.998477 0.997074 0.966137 0.928061 0.941641 0.927494 0.892136 0.900886 0.877126 0.847793 0.854373 0.830263 0.809085 0.807496 0.801138 0.753866 0.762348 0.7584 0.707448 0.717357 0.69798 0.684196 0.6696 0.655046 0.64049 0.625934 0.611377 0.596822 0.579364 0.5 
1 1 1 1 1 1 1 1 1 0.999998 0.999996 0.999997 1.00004 0.999967 0.997413 0.993213 0.940802 0.934024 0.938567 0.908296 0.89618 0.896008 0.856762 0.851014 0.849227 0.822866 0.798313 0.804425 0.775506 0.75849 0.76034 0.729713 0.713121 0.711855 0.687078 0.675637 0.660749 0.646084 0.6314 0.616717 0.602033 0.584264 0.5 
1 1 1 1 1 1 1 1 1 1 0.999997 0.999997 1.00001 1.00001 0.999706 0.995158 0.99977 0.909076 0.936015 0.941288 0.892987 0.88963 0.89711 0.837172 0.847275 0.842954 0.803327 0.801486 0.800465 0.755068 0.759497 0.755539 0.715184 0.705407 0.707478 0.672594 0.667388 0.65168 0.636967 0.622149 0.607337 0.589262 0.5 
1 1 1 1 1 1 1 1 1 1 1 0.999995 1 1.00001 0.9999 0.997868 0.99701 0.961011 0.905757 0.953665 0.944745 0.866246 0.893101 0.868356 0.842169 0.845383 0.841288 0.784541 0.80017 0.776242 0.757485 0.757514 0.749641 0.692745 0.7066 0.700749 0.656458 0.660463 0.642193 0.627701 0.612733 0.594358 0.5 
1 1 1 1 1 1 1 1 1 1 1 0.999998 0.999995 1.00001 0.999971 1.0003 0.99632 0.992426 0.92642 0.926941 0.9504 0.90832 0.878927 0.887832 0.849207 0.843756 0.84351 0.81207 0.79274 0.794596 0.759077 0.757501 0.753691 0.716875 0.700784 0.703544 0.674166 0.658881 0.65373 0.631538 0.618324 0.59955 0.5 
1 1 1 1 1 1 1 1 1 1 1 1 0.999996 1 0.999994 1.0001 0.999915 0.993672 0.964268 0.926645 0.937198 0.947916 0.878543 0.883114 0.888556 0.830047 0.840886 0.839937 0.789785 0.793712 0.791422 0.74272 0.7553 0.748358 0.692201 0.702381 0.697482 0.659786 0.650255 0.64658 0.618759 0.605239 0.5 
1 1 1 1 1 1 1 1 1 1 1 1 0.999999 0.999998 0.999998 1.00004 1.00003 0.998192 0.989188 0.939545 0.928323 0.94483 0.916551 0.879486 0.886876 0.86021 0.835453 0.840424 0.814294 0.791847 0.792562 0.765081 0.749647 0.751874 0.716083 0.698123 0.699806 0.689362 0.643197 0.644507 0.639226 0.600737 0.5 
1 1 1 1 1 1 1 1 1 1 1 1 1 0.999998 0.999998 1.00001 1.00003 0.999519 0.9953 0.994545 0.907366 0.935554 0.940058 0.891741 0.88296 0.881536 0.840696 0.837925 0.834626 0.795301 0.792222 0.788973 0.745609 0.750871 0.746785 0.690802 0.6991 0.69469 0.660676 0.644001 0.641537 0.620012 0.5 
1 1 1 1 1 1 1 1 1 1 1 1 1 0.999999 0.999998 0.999999 1.00003 0.999866 1.0003 0.992485 0.957103 0.90391 0.953584 0.943442 0.867113 0.877687 0.881869 0.819917 0.835724 0.832692 0.776119 0.789898 0.765457 0.748509 0.748754 0.714812 0.69564 0.696772 0.687403 0.643751 0.636236 0.629481 0.5 
1 1 1 1 1 1 1 1 1 1 1 1 1 1 0.999998 0.999998 1.00001 0.999962 1.00004 0.998183 0.986827 0.923536 0.925912 0.949975 0.907798 0.866554 0.885263 0.851536 0.827875 0.83429 0.803334 0.783427 0.784857 0.748206 0.748644 0.742322 0.691138 0.696299 0.69212 0.676634 0.624427 0.630588 0.5 
1 1 1 1 1 1 1 1 1 1 1 1 1 1 1 0.999997 1 0.999991 0.999993 0.999478 0.994613 0.958602 0.924463 0.936564 0.942909 0.876902 0.875431 0.881215 0.827689 0.831091 0.829968 0.781476 0.784184 0.765061 0.748447 0.745497 0.712801 0.694151 0.694329 0.684384 0.642945 0.628269 0.5 
1 1 1 1 1 1 1 1 1 1 1 1 1 1 1 0.999999 1 0.999998 0.999992 0.99982 0.997883 0.990126 0.932933 0.923285 0.945854 0.94636 0.842782 0.878167 0.85513 0.829398 0.830541 0.804906 0.782912 0.778964 0.758354 0.73956 0.738998 0.690011 0.694255 0.689475 0.673938 0.619028 0.5 
1 1 1 1 1 1 1 1 1 1 1 1 1 1 1 1 0.999999 0.999999 0.999996 0.999932 0.999324 0.995087 0.996338 0.897625 0.920238 0.959034 0.898377 0.859898 0.872979 0.836532 0.829972 0.824631 0.796427 0.770981 0.77261 0.751135 0.731017 0.711009 0.692492 0.692067 0.681458 0.647771 0.5 
1 1 1 1 1 1 1 1 1 1 1 1 1 1 1 1 1 0.999999 0.999998 0.999974 0.999737 0.99757 0.995591 0.953712 0.901624 0.943443 0.957261 0.85511 0.866179 0.873119 0.817358 0.825781 0.817039 0.77555 0.771856 0.766078 0.739242 0.719835 0.703303 0.68466 0.687185 0.662808 0.5 
1 1 1 1 1 1 1 1 1 1 1 1 1 1 1 1 1 1 0.999999 0.99999 0.999893 0.999563 0.99612 0.989997 0.918766 0.896099 0.973578 0.910651 0.855853 0.874108 0.845637 0.821629 0.822249 0.813261 0.755636 0.76846 0.758916 0.725083 0.708949 0.688955 0.686146 0.674128 0.5 
1 1 1 1 1 1 1 1 1 1 1 1 1 1 1 1 1 1 0.999999 0.999995 0.999968 0.999763 0.99919 0.99293 0.996987 0.870696 0.93012 0.965572 0.865543 0.864634 0.868806 0.825157 0.821943 0.818355 0.782074 0.762597 0.764513 0.753298 0.704926 0.702072 0.67943 0.679097 0.5 
1 1 1 1 1 1 1 1 1 1 1 1 1 1 1 1 1 1 1 0.999998 0.999986 0.999927 0.999521 0.99664 0.994565 0.941457 0.869479 0.973948 0.969438 0.81616 0.866636 0.868378 0.803284 0.819503 0.814832 0.75611 0.763635 0.759578 0.744671 0.683672 0.697739 0.670157 0.5 
1 1 1 1 1 1 1 1 1 1 1 1 1 1 1 1 1 1 1 0.999999 0.999995 0.999966 0.999794 0.999527 0.994657 0.987042 0.893795 0.916173 0.972144 0.898191 0.814142 0.894483 0.835929 0.811607 0.817304 0.783603 0.760204 0.761935 0.752519 0.708186 0.691909 0.683268 0.5 
1 1 1 1 1 1 1 1 1 1 1 1 1 1 1 1 1 1 1 1 0.999998 0.999986 0.999946 0.999644 0.999013 0.990486 0.946042 0.89908 0.945379 0.959203 0.837801 0.853301 0.894665 0.795289 0.81452 0.811022 0.759807 0.761145 0.757699 0.744959 0.686792 0.680707 0.5 
1 1 1 1 1 1 1 1 1 1 1 1 1 1 1 1 1 1 1 1 0.999999 0.999995 0.999971 0.999909 0.999333 0.996519 0.983357 0.912609 0.892855 0.97821 0.903249 0.842453 0.875958 0.845671 0.805232 0.812844 0.783826 0.760534 0.759692 0.751524 0.733486 0.660332 0.5 
1 1 1 1 1 1 1 1 1 1 1 1 1 1 1 1 1 1 1 1 1 0.999998 0.999991 0.999944 0.999745 0.998492 0.992258 0.988644 0.866317 0.930298 0.969965 0.849888 0.858686 0.868929 0.817645 0.809149 0.806129 0.773388 0.74965 0.756851 0.741809 0.701859 0.5 
1 1 1 1 1 1 1 1 1 1 1 1 1 1 1 1 1 1 1 1 1 0.999999 0.999995 0.999978 0.999877 0.999375 0.999024 0.987662 0.934327 0.866212 0.976953 0.915445 0.851904 0.865892 0.867964 0.793029 0.803624 0.799092 0.750172 0.753597 0.751083 0.719961 0.5 
1 1 1 1 1 1 1 1 1 1 1 1 1 1 1 1 1 1 1 1 1 1 0.999998 0.99999 0.999948 0.999879 0.999026 0.99586 0.978383 0.888269 0.915719 0.966973 0.868985 0.851357 0.874212 0.830369 0.798549 0.801473 0.772708 0.752052 0.752309 0.735501 0.5 
1 1 1 1 1 1 1 1 1 1 1 1 1 1 1 1 1 1 1 1 1 1 0.999999 0.999996 0.999984 0.999911 0.999672 0.99796 0.990377 0.936746 0.893266 0.945622 0.971165 0.812246 0.862381 0.867565 0.799323 0.800069 0.795457 0.752335 0.752193 0.743532 0.5 
1 1 1 1 1 1 1 1 1 1 1 1 1 1 1 1 1 1 1 1 1 1 1 0.999998 0.999991 0.999968 0.999822 0.999197 0.995305 0.985378 0.898875 0.886211 0.987004 0.897271 0.810498 0.89157 0.833448 0.799711 0.7979 0.791031 0.733351 0.747555 0.5 
1 1 1 1 1 1 1 1 1 1 1 1 1 1 1 1 1 1 1 1 1 1 1 0.999999 0.999997 0.999983 0.999927 0.999612 0.998485 0.99104 0.991508 0.848585 0.930362 0.972328 0.830622 0.850173 0.887811 0.807803 0.78315 0.794465 0.759341 0.741244 0.5 
1 1 1 1 1 1 1 1 1 1 1 1 1 1 1 1 1 1 1 1 1 1 1 1 0.999998 0.999993 0.999965 0.999848 0.99921 0.995381 0.991229 0.927482 0.840337 0.994755 0.907269 0.835299 0.873202 0.88536 0.758059 0.78911 0.790895 0.734812 0.5 
1 1 1 1 1 1 1 1 1 1 1 1 1 1 1 1 1 1 1 1 1 1 1 1 0.999999 0.999997 0.999985 0.999927 0.999644 0.99875 0.992722 0.981448 0.869122 0.909744 0.985287 0.844825 0.833486 0.899234 0.820821 0.759707 0.80504 0.766334 0.5 
1 1 1 1 1 1 1 1 1 1 1 1 1 1 1 1 1 1 1 1 1 1 1 1 1 0.999999 0.999993 0.999968 0.99986 0.999311 0.998037 0.986999 0.930816 0.876855 0.953551 0.987224 0.773914 0.865057 0.885299 0.76467 0.783759 0.787157 0.5 
1 1 1 1 1 1 1 1 1 1 1 1 1 1 1 1 1 1 1 1 1 1 1 1 1 0.999999 0.999997 0.999986 0.999934 0.999769 0.998747 0.994767 0.977935 0.89004 0.865791 1.01326 0.886615 0.770444 0.924469 0.82438 0.765805 0.794642 0.5 
1 1 1 1 1 1 1 1 1 1 1 1 1 1 1 1 1 1 1 1 1 1 1 1 1 1 0.999999 0.999994 0.999973 0.999872 0.999491 0.997515 0.989075 0.980824 0.83436 0.931219 0.992688 0.792606 0.847176 0.915783 0.753805 0.781319 0.5 
1 1 1 1 1 1 1 1 1 1 1 1 1 1 1 1 1 1 1 1 1 1 1 1 1 1 0.999999 0.999997 0.999987 0.999946 0.999748 0.998932 0.996385 0.983417 0.913845 0.835531 1.00159 0.899767 0.806239 0.89359 0.834936 0.768648 0.5 
1 1 1 1 1 1 1 1 1 1 1 1 1 1 1 1 1 1 1 1 1 1 1 1 1 1 1 0.999999 0.999994 0.999974 0.99989 0.999548 0.998049 0.99223 0.97064 0.857885 0.910216 0.986714 0.825074 0.849116 0.879714 0.793527 0.5 
1 1 1 1 1 1 1 1 1 1 1 1 1 1 1 1 1 1 1 1 1 1 1 1 1 1 1 0.999999 0.999997 0.999989 0.99995 0.999788 0.999132 0.996407 0.984823 0.917335 0.867963 0.957676 0.912931 0.830873 0.870012 0.848647 0.5 
1 1 1 1 1 1 1 1 1 1 1 1 1 1 1 1 1 1 1 1 1 1 1 1 1 1 1 1 0.999999 0.999995 0.999978 0.999904 0.999596 0.998326 0.992498 0.979423 0.869656 0.908541 0.950146 0.861697 0.850041 0.860329 0.5 
1 1 1 1 1 1 1 1 1 1 1 1 1 1 1 1 1 1 1 1 1 1 1 1 1 1 1 1 0.999999 0.999998 0.99999 0.999956 0.999815 0.999208 0.997359 0.986528 0.929632 0.877085 0.937658 0.953156 0.812644 0.85505 0.5 
1 1 1 1 1 1 1 1 1 1 1 1 1 1 1 1 1 1 1 1 1 1 1 1 1 1 1 1 1 0.999999 0.999995 0.99998 0.999915 0.999671 0.998536 0.994004 0.978016 0.88867 0.869502 0.979544 0.887079 0.833834 0.5 
1 1 1 1 1 1 1 1 1 1 1 1 1 1 1 1 1 1 1 1 1 1 1 1 1 1 1 1 1 1 0.999998 0.999991 0.999962 0.999838 0.999356 0.997309 0.988385 0.982272 0.834368 0.918502 0.979657 0.824751 0.5 
1 1 1 1 1 1 1 1 1 1 1 1 1 1 1 1 1 1 1 1 1 1 1 1 1 1 1 1 1 1 0.999999 0.999996 0.999982 0.999928 0.999694 0.998748 0.99727 0.982185 0.914826 0.841359 0.977732 0.943532 0.5 
1 1 1 1 1 1 1 1 1 1 1 1 1 1 1 1 1 1 1 1 1 1 1 1 1 1 1 1 1 1 1 0.999998 0.999992 0.999966 0.999861 0.999564 0.997958 0.993044 0.969319 0.861919 0.90331 0.964735 0.5 
1 1 1 1 1 1 1 1 1 1 1 1 1 1 1 1 1 1 1 1 1 1 1 1 1 1 1 1 1 1 1 0.999999 0.999996 0.999985 0.999943 0.999753 0.999201 0.996271 0.98572 0.917882 0.870045 0.941657 0.5 
1 1 1 1 1 1 1 1 1 1 1 1 1 1 1 1 1 1 1 1 1 1 1 1 1 1 1 1 1 1 1 1 0.999998 0.999993 0.999972 0.9999 0.999555 0.998449 0.992477 0.981449 0.869908 0.902735 0.5 
1 1 1 1 1 1 1 1 1 1 1 1 1 1 1 1 1 1 1 1 1 1 1 1 1 1 1 1 1 1 1 1 0.999999 0.999997 0.999988 0.999948 0.999818 0.99917 0.997697 0.986846 0.931217 0.885278 0.5 
1 1 1 1 1 1 1 1 1 1 1 1 1 1 1 1 1 1 1 1 1 1 1 1 1 1 1 1 1 1 1 1 1 0.999999 0.999994 0.999978 0.999904 0.999714 0.998529 0.994438 0.980453 0.894734 0.5 
1 1 1 1 1 1 1 1 1 1 1 1 1 1 1 1 1 1 1 1 1 1 1 1 1 1 1 1 1 1 1 1 1 0.999999 0.999997 0.999989 0.999963 0.999829 0.999426 0.997391 0.989366 0.951505 0.5 
1 1 1 1 1 1 1 1 1 1 1 1 1 1 1 1 1 1 1 1 1 1 1 1 1 1 1 1 1 1 1 1 1 1 0.999999 0.999995 0.99998 0.999934 0.999689 0.998871 0.99485 0.974351 0.5 
1 1 1 1 1 1 1 1 1 1 1 1 1 1 1 1 1 1 1 1 1 1 1 1 1 1 1 1 1 1 1 1 1 1 0.999999 0.999998 0.999992 0.999964 0.999874 0.999417 0.997626 0.986508 0.5 
1 1 1 1 1 1 1 1 1 1 1 1 1 1 1 1 1 1 1 1 1 1 1 1 1 1 1 1 1 1 1 1 1 1 1 0.999999 0.999996 0.999985 0.999933 0.999751 0.998802 0.993104 0.5 
1 1 1 1 1 1 1 1 1 1 1 1 1 1 1 1 1 1 1 1 1 1 1 1 1 1 1 1 1 1 1 1 1 1 1 1 0.999998 0.999992 0.999972 0.999872 0.999445 0.996453 0.5 
1 1 1 1 1 1 1 1 1 1 1 1 1 1 1 1 1 1 1 1 1 1 1 1 1 1 1 1 1 1 1 1 1 1 1 1 0.999999 0.999997 0.999986 0.999944 0.999724 0.998219 0.5 
1 1 1 1 1 1 1 1 1 1 1 1 1 1 1 1 1 1 1 1 1 1 1 1 1 1 1 1 1 1 1 1 1 1 1 1 1 0.999998 0.999994 0.999972 0.99987 0.999104 0.5 
1 1 1 1 1 1 1 1 1 1 1 1 1 1 1 1 1 1 1 1 1 1 1 1 1 1 1 1 1 1 1 1 1 1 1 1 1 0.999999 0.999997 0.999987 0.999936 0.999556 0.5 
1 1 1 1 1 1 1 1 1 1 1 1 1 1 1 1 1 1 1 1 1 1 1 1 1 1 1 1 1 1 1 1 1 1 1 1 1 1 0.999999 0.999994 0.99997 0.99978 0.5 
1 1 1 1 1 1 1 1 1 1 1 1 1 1 1 1 1 1 1 1 1 1 1 1 1 1 1 1 1 1 1 1 1 1 1 1 1 1 0.999999 0.999997 0.999985 0.999892 0.5 
1 1 1 1 1 1 1 1 1 1 1 1 1 1 1 1 1 1 1 1 1 1 1 1 1 1 1 1 1 1 1 1 1 1 1 1 1 1 1 0.999999 0.999993 0.999947 0.5 
1 1 1 1 1 1 1 1 1 1 1 1 1 1 1 1 1 1 1 1 1 1 1 1 1 1 1 1 1 1 1 1 1 1 1 1 1 1 1 0.999999 0.999997 0.999974 0.5 
1 1 1 1 1 1 1 1 1 1 1 1 1 1 1 1 1 1 1 1 1 1 1 1 1 1 1 1 1 1 1 1 1 1 1 1 1 1 1 1 0.999998 0.999988 0.5 
1 1 1 1 1 1 1 1 1 1 1 1 1 1 1 1 1 1 1 1 1 1 1 1 1 1 1 1 1 1 1 1 1 1 1 1 1 1 1 1 0.999999 0.999994 0.5 
1 1 1 1 1 1 1 1 1 1 1 1 1 1 1 1 1 1 1 1 1 1 1 1 1 1 1 1 1 1 1 1 1 1 1 1 1 1 1 1 1 0.999997 0.5 
1 1 1 1 1 1 1 1 1 1 1 1 1 1 1 1 1 1 1 1 1 1 1 1 1 1 1 1 1 1 1 1 1 1 1 1 1 1 1 1 1 0.999999 0.5 
1 1 1 1 1 1 1 1 1 1 1 1 1 1 1 1 1 1 1 1 1 1 1 1 1 1 1 1 1 1 1 1 1 1 1 1 1 1 1 1 1 0.999999 0.5 
1 1 1 1 1 1 1 1 1 1 1 1 1 1 1 1 1 1 1 1 1 1 1 1 1 1 1 1 1 1 1 1 1 1 1 1 1 1 1 1 1 1 0.5 
1 1 1 1 1 1 1 1 1 1 1 1 1 1 1 1 1 1 1 1 1 1 1 1 1 1 1 1 1 1 1 1 1 1 1 1 1 1 1 1 1 1 0.5 
1 1 1 1 1 1 1 1 1 1 1 1 1 1 1 1 1 1 1 1 1 1 1 1 1 1 1 1 1 1 1 1 1 1 1 1 1 1 1 1 1 1 0.5 
1 1 1 1 1 1 1 1 1 1 1 1 1 1 1 1 1 1 1 1 1 1 1 1 1 1 1 1 1 1 1 1 1 1 1 1 1 1 1 1 1 1 0.5 
1 1 1 1 1 1 1 1 1 1 1 1 1 1 1 1 1 1 1 1 1 1 1 1 1 1 1 1 1 1 1 1 1 1 1 1 1 1 1 1 1 1 0.5 
