1 1 0.9875 0.975 0.9625 0.95 0.9375 0.925 0.9125 0.9 0.8875 0.875 0.8625 0.85 0.8375 0.825 0.8125 0.8 0.7875 0.775 0.7625 0.75 0.7375 0.725 0.7125 0.7 0.6875 0.675 0.6625 0.65 0.6375 0.625 0.6125 0.6 0.5875 0.575 0.5625 0.55 0.5375 0.525 0.5125 0.5 0.5 
1 1 0.998645 0.982313 0.969719 0.957125 0.944531 0.931938 0.919344 0.90675 0.894156 0.881563 0.868969 0.856375 0.843781 0.831188 0.818594 0.806 0.793406 0.780813 0.768219 0.755625 0.743031 0.730438 0.717844 0.70525 0.692656 0.680063 0.667469 0.654875 0.642281 0.629688 0.617094 0.6045 0.591906 0.579313 0.566719 0.554125 0.541531 0.528938 0.516344 0.50375 0.5 
1 1 0.999491 0.996778 0.975953 0.964357 0.951668 0.938979 0.926291 0.913602 0.900913 0.888224 0.875535 0.862846 0.850157 0.837468 0.824779 0.81209 0.799401 0.786713 0.774024 0.761335 0.748646 0.735957 0.723268 0.710579 0.69789 0.685201 0.672512 0.659823 0.647134 0.634446 0.621757 0.609068 0.596379 0.58369 0.571001 0.558312 0.545623 0.532934 0.520245 0.507556 0.5 
1 1 0.999825 0.99848 0.994236 0.968099 0.959516 0.946128 0.933343 0.920557 0.907772 0.894986 0.882201 0.869415 0.85663 0.843844 0.831059 0.818273 0.805488 0.792702 0.779917 0.767131 0.754345 0.74156 0.728774 0.715989 0.703203 0.690418 0.677632 0.664847 0.652061 0.639276 0.62649 0.613705 0.600919 0.588134 0.575348 0.562563 0.549777 0.536992 0.524206 0.511421 0.5 
1 1 0.999937 0.999407 0.996851 0.99082 0.958522 0.955986 0.940333 0.927619 0.914735 0.901852 0.888968 0.876085 0.863201 0.850317 0.837434 0.82455 0.811667 0.798783 0.785899 0.773016 0.760132 0.747249 0.734365 0.721482 0.708598 0.695714 0.682831 0.669947 0.657064 0.64418 0.631296 0.618413 0.605529 0.592646 0.579762 0.566878 0.553995 0.541111 0.528228 0.515344 0.5 
1 1 0.999977 0.999755 0.998673 0.994427 0.986285 0.948351 0.953518 0.933826 0.9219 0.908823 0.89584 0.882857 0.869874 0.856891 0.843907 0.830924 0.817941 0.804958 0.791975 0.778991 0.766008 0.753025 0.740042 0.727059 0.714075 0.701092 0.688109 0.675126 0.662143 0.64916 0.636176 0.623193 0.61021 0.597227 0.584244 0.57126 0.558277 0.545294 0.532311 0.519012 0.5 
1 1 0.999992 0.999901 0.999391 0.997543 0.99098 0.969851 0.95057 0.950463 0.926052 0.916558 0.902793 0.889734 0.87665 0.863566 0.850481 0.837397 0.824313 0.811228 0.798144 0.78506 0.771975 0.758891 0.745807 0.732722 0.719638 0.706554 0.693469 0.680385 0.667301 0.654216 0.641132 0.628048 0.614963 0.601879 0.588795 0.57571 0.562626 0.549542 0.536409 0.522636 0.5 
1 1 0.999997 0.99996 0.999734 0.998764 0.995345 0.987788 0.961034 0.945053 0.946531 0.916866 0.912223 0.89651 0.883546 0.870345 0.857158 0.843971 0.830784 0.817597 0.80441 0.791223 0.778036 0.764849 0.751662 0.738475 0.725288 0.712101 0.698914 0.685727 0.672539 0.659352 0.646165 0.632978 0.619791 0.606604 0.593417 0.58023 0.567043 0.553848 0.540554 0.526317 0.5 
1 1 0.999999 0.999984 0.999884 0.999413 0.997769 0.992455 0.983703 0.946532 0.945692 0.941543 0.907052 0.908868 0.889624 0.877362 0.863937 0.850649 0.837357 0.824066 0.810775 0.797483 0.784192 0.7709 0.757609 0.744318 0.731026 0.717735 0.704444 0.691152 0.677861 0.664569 0.651278 0.637987 0.624695 0.611404 0.598112 0.584821 0.571528 0.558219 0.544757 0.530084 0.5 
1 1 1 0.999993 0.999949 0.999729 0.998865 0.996436 0.988539 0.977901 0.935766 0.943985 0.926039 0.907879 0.905115 0.881692 0.871478 0.857395 0.844037 0.830638 0.81724 0.803843 0.790446 0.777048 0.763651 0.750253 0.736856 0.723459 0.710061 0.696664 0.683267 0.669869 0.656472 0.643074 0.629677 0.61628 0.602882 0.589485 0.576084 0.562657 0.549029 0.533943 0.5 
1 1 1 0.999997 0.999978 0.999876 0.999458 0.998022 0.994754 0.983229 0.959168 0.93935 0.94101 0.917888 0.901785 0.900314 0.872628 0.866374 0.850606 0.837336 0.823809 0.810305 0.7968 0.783295 0.769789 0.756284 0.742779 0.729274 0.715769 0.702264 0.688759 0.675254 0.661749 0.648244 0.634739 0.621234 0.607728 0.594223 0.580713 0.567166 0.553371 0.537898 0.5 
1 1 1 0.999999 0.999991 0.999944 0.999737 0.999035 0.996795 0.991417 0.978443 0.943757 0.940074 0.93711 0.908586 0.896793 0.894523 0.86309 0.862089 0.843308 0.830623 0.816865 0.803256 0.789642 0.776027 0.762413 0.748798 0.735184 0.721569 0.707955 0.69434 0.680726 0.667111 0.653496 0.639882 0.626267 0.612653 0.599037 0.585415 0.571747 0.557789 0.541949 0.5 
1 1 1 1 0.999996 0.999975 0.999876 0.999504 0.99835 0.995008 0.98687 0.972066 0.933463 0.937828 0.932007 0.898629 0.892625 0.887685 0.854556 0.857628 0.835173 0.824117 0.809777 0.796095 0.782366 0.76864 0.754915 0.741189 0.727463 0.713738 0.700012 0.686286 0.67256 0.658835 0.645109 0.631383 0.617657 0.60393 0.590194 0.576404 0.562284 0.546098 0.5 
1 1 1 1 0.999998 0.999989 0.999942 0.999755 0.999125 0.997296 0.992622 0.981097 0.953878 0.935377 0.935556 0.925591 0.888542 0.888914 0.871676 0.85605 0.852165 0.826134 0.818173 0.802461 0.788833 0.77497 0.761132 0.747293 0.733454 0.719616 0.705777 0.691938 0.678099 0.66426 0.650422 0.636583 0.622744 0.608903 0.595052 0.581137 0.566858 0.550342 0.5 
1 1 1 1 0.999999 0.999995 0.999973 0.99988 0.999552 0.99854 0.995763 0.988791 0.975977 0.938129 0.935456 0.931898 0.907962 0.888715 0.885266 0.863658 0.850309 0.845492 0.816688 0.812875 0.794732 0.781525 0.767445 0.753498 0.739544 0.725591 0.711637 0.697683 0.68373 0.669776 0.655822 0.641869 0.627915 0.613959 0.59999 0.58595 0.571514 0.554682 0.5 
1 1 1 1 1 0.999998 0.999987 0.999942 0.999773 0.999225 0.997645 0.993735 0.983675 0.969138 0.926978 0.933475 0.927503 0.897716 0.882145 0.880413 0.855001 0.844756 0.837842 0.80794 0.807588 0.786362 0.774322 0.759772 0.745739 0.731665 0.717595 0.703524 0.689454 0.675384 0.661313 0.647242 0.633172 0.619098 0.605011 0.590844 0.576252 0.559117 0.5 
1 1 1 1 1 0.999999 0.999994 0.999972 0.999886 0.999595 0.998725 0.996333 0.991241 0.977059 0.949505 0.929849 0.93117 0.921649 0.886606 0.877257 0.87467 0.846099 0.839145 0.829483 0.800579 0.801484 0.777292 0.767462 0.751892 0.737862 0.723652 0.709464 0.695275 0.681085 0.666896 0.652707 0.638517 0.624324 0.610116 0.595822 0.581075 0.563648 0.5 
1 1 1 1 1 1 0.999997 0.999987 0.999944 0.999791 0.999312 0.998006 0.994484 0.987026 0.971087 0.933139 0.930433 0.927656 0.91413 0.875429 0.873637 0.867977 0.836728 0.833864 0.813911 0.801049 0.794347 0.767847 0.761057 0.743691 0.7299 0.715499 0.701194 0.686884 0.672574 0.658263 0.643953 0.629639 0.615308 0.600885 0.585984 0.568274 0.5 
1 1 1 1 1 1 0.999999 0.999994 0.999972 0.999894 0.999638 0.998881 0.996941 0.991996 0.981364 0.963385 0.922166 0.928627 0.92274 0.904963 0.864675 0.871053 0.860213 0.827632 0.828514 0.805516 0.79488 0.785915 0.758725 0.754777 0.735023 0.721941 0.707191 0.692784 0.678348 0.663915 0.649482 0.635044 0.620588 0.606035 0.59098 0.572996 0.5 
1 1 1 1 1 1 0.999999 0.999997 0.999987 0.999947 0.99981 0.999397 0.998241 0.995403 0.988823 0.974288 0.943221 0.92504 0.926549 0.916296 0.883938 0.867731 0.866773 0.8432 0.828075 0.822308 0.796997 0.788335 0.776762 0.750614 0.748 0.725835 0.714125 0.698694 0.684236 0.669664 0.655106 0.640543 0.62596 0.611275 0.596066 0.577813 0.5 
1 1 1 1 1 1 1 0.999999 0.999994 0.999973 0.999902 0.999675 0.999031 0.997325 0.993257 0.983949 0.967827 0.926511 0.92571 0.922856 0.909023 0.871945 0.863082 0.861204 0.833477 0.821747 0.814972 0.787981 0.781857 0.76724 0.743408 0.740355 0.716292 0.706553 0.689947 0.675565 0.660825 0.646138 0.631426 0.616608 0.601244 0.582728 0.5 
1 1 1 1 1 1 1 0.999999 0.999997 0.999987 0.99995 0.999828 0.999466 0.998487 0.996002 0.990525 0.977507 0.959524 0.914862 0.92454 0.917868 0.899946 0.860389 0.859919 0.854416 0.823578 0.815833 0.806871 0.779016 0.775489 0.757424 0.736528 0.731849 0.706791 0.699112 0.680869 0.666811 0.651816 0.63699 0.622034 0.606516 0.587741 0.5 
1 1 1 1 1 1 1 1 0.999999 0.999994 0.999975 0.99991 0.999711 0.99915 0.997711 0.994136 0.987265 0.969297 0.937895 0.919199 0.922239 0.911223 0.889185 0.850079 0.857488 0.846398 0.81373 0.810296 0.798023 0.770843 0.769102 0.746947 0.729517 0.72268 0.697762 0.691446 0.671417 0.658039 0.6426 0.627564 0.611882 0.592853 0.5 
1 1 1 1 1 1 1 1 0.999999 0.999997 0.999987 0.999953 0.999845 0.999531 0.99868 0.996653 0.991573 0.982048 0.961642 0.920854 0.92056 0.918785 0.902887 0.867182 0.853692 0.853021 0.83694 0.804308 0.805036 0.788541 0.763708 0.76192 0.736101 0.722274 0.713144 0.689322 0.683198 0.661649 0.649305 0.633033 0.617375 0.598063 0.5 
1 1 1 1 1 1 1 1 1 0.999998 0.999994 0.999976 0.999918 0.999743 0.999263 0.998001 0.995167 0.988191 0.97517 0.952094 0.909593 0.919806 0.913435 0.893422 0.854905 0.849931 0.847071 0.81839 0.804684 0.79901 0.778332 0.757123 0.753327 0.725654 0.714841 0.703481 0.681192 0.674229 0.651734 0.640545 0.622518 0.603447 0.5 
1 1 1 1 1 1 1 1 1 0.999999 0.999997 0.999988 0.999957 0.999861 0.999587 0.99887 0.997037 0.993104 0.983878 0.966857 0.929764 0.9142 0.917494 0.906493 0.882095 0.843974 0.847333 0.839628 0.807672 0.798818 0.79242 0.767 0.750381 0.743782 0.715746 0.707335 0.693749 0.672978 0.664607 0.641854 0.631179 0.607936 0.5 
1 1 1 1 1 1 1 1 1 1 0.999998 0.999994 0.999978 0.999926 0.999773 0.999352 0.998306 0.995697 0.990325 0.977604 0.958852 0.912567 0.915684 0.91386 0.897954 0.8596 0.845629 0.843995 0.830663 0.797535 0.793741 0.78431 0.755866 0.743366 0.733636 0.706068 0.7002 0.683812 0.664418 0.654501 0.63184 0.61656 0.5 
1 1 1 1 1 1 1 1 1 1 0.999999 0.999997 0.999988 0.999961 0.999876 0.999639 0.999008 0.997511 0.99382 0.986966 0.969402 0.936371 0.913974 0.914918 0.908316 0.887829 0.846525 0.841344 0.838645 0.820225 0.788072 0.789147 0.774663 0.745375 0.735927 0.723002 0.697334 0.693002 0.673273 0.655438 0.643991 0.618396 0.5 
1 1 1 1 1 1 1 1 1 1 1 0.999998 0.999994 0.999979 0.999933 0.999799 0.999439 0.998509 0.996435 0.991238 0.981629 0.961743 0.91721 0.9144 0.912507 0.900987 0.875679 0.834912 0.838799 0.831881 0.800997 0.788638 0.783119 0.763555 0.735162 0.728546 0.712183 0.689686 0.685118 0.662075 0.645958 0.628126 0.5 
1 1 1 1 1 1 1 1 1 1 1 0.999999 0.999997 0.999989 0.999964 0.99989 0.999681 0.99915 0.997799 0.994925 0.987847 0.974527 0.951862 0.904609 0.91286 0.908584 0.891862 0.851723 0.836847 0.835735 0.823089 0.790095 0.783174 0.775341 0.751055 0.725833 0.721204 0.701232 0.682571 0.675739 0.650552 0.632602 0.5 
1 1 1 1 1 1 1 1 1 1 1 1 0.999998 0.999994 0.999981 0.99994 0.999823 0.999507 0.998736 0.996801 0.992823 0.983539 0.965772 0.92783 0.908361 0.911218 0.902457 0.880994 0.837966 0.8326 0.830553 0.812607 0.780136 0.778157 0.766817 0.737224 0.718001 0.713694 0.689942 0.675103 0.665066 0.635105 0.5 
1 1 1 1 1 1 1 1 1 1 1 1 0.999999 0.999997 0.99999 0.999968 0.999902 0.999722 0.999251 0.998148 0.995424 0.989966 0.977138 0.957432 0.908633 0.909659 0.908191 0.894331 0.868012 0.825949 0.830294 0.823806 0.800761 0.771642 0.772991 0.756058 0.724027 0.711598 0.704651 0.679295 0.666783 0.647384 0.5 
1 1 1 1 1 1 1 1 1 1 1 1 1 0.999999 0.999995 0.999983 0.999946 0.999843 0.999573 0.998883 0.997325 0.9935 0.986461 0.968707 0.933671 0.909099 0.909034 0.903738 0.884241 0.843057 0.828135 0.827477 0.815897 0.781022 0.772366 0.76585 0.743106 0.712712 0.705363 0.694539 0.668326 0.653918 0.5 
1 1 1 1 1 1 1 1 1 1 1 1 1 0.999999 0.999997 0.999991 0.999971 0.999913 0.999755 0.999357 0.998356 0.996214 0.990849 0.980904 0.96078 0.919617 0.902414 0.907008 0.896751 0.872244 0.829018 0.824122 0.822537 0.80487 0.770319 0.767285 0.756745 0.728643 0.703115 0.69896 0.683318 0.654693 0.5 
1 1 1 1 1 1 1 1 1 1 1 1 1 1 0.999999 0.999995 0.999984 0.999952 0.999862 0.999624 0.999049 0.997611 0.994652 0.987371 0.973886 0.951238 0.900588 0.904514 0.903455 0.887718 0.858069 0.817148 0.822147 0.815635 0.792367 0.760991 0.76226 0.746353 0.713332 0.695603 0.69132 0.665475 0.5 
1 1 1 1 1 1 1 1 1 1 1 1 1 1 0.999999 0.999997 0.999992 0.999974 0.999923 0.999786 0.999433 0.998612 0.99657 0.992505 0.982998 0.96486 0.925844 0.902388 0.904049 0.898374 0.876874 0.832218 0.819689 0.81928 0.807225 0.771533 0.76168 0.755263 0.733066 0.699788 0.689573 0.676652 0.5 
1 1 1 1 1 1 1 1 1 1 1 1 1 1 1 0.999999 0.999996 0.999986 0.999957 0.999878 0.999675 0.999158 0.998 0.995142 0.989582 0.976427 0.956261 0.904531 0.903149 0.901846 0.890636 0.863398 0.817968 0.816415 0.814089 0.795619 0.76029 0.756359 0.745797 0.717756 0.688593 0.680474 0.5 
1 1 1 1 1 1 1 1 1 1 1 1 1 1 1 0.999999 0.999998 0.999992 0.999976 0.999932 0.999812 0.999513 0.998765 0.997149 0.993151 0.985997 0.967695 0.944995 0.890436 0.902218 0.897854 0.88071 0.847667 0.806437 0.815044 0.806764 0.782447 0.750515 0.751114 0.73493 0.701107 0.677923 0.5 
1 1 1 1 1 1 1 1 1 1 1 1 1 1 1 1 0.999999 0.999996 0.999987 0.999962 0.999893 0.999713 0.999281 0.998208 0.996008 0.990406 0.981863 0.956424 0.917807 0.895882 0.90051 0.891903 0.869137 0.820215 0.810857 0.811475 0.79768 0.760879 0.750844 0.743848 0.721004 0.6811 0.5 
1 1 1 1 1 1 1 1 1 1 1 1 1 1 1 1 0.999999 0.999998 0.999993 0.999979 0.999939 0.999836 0.99957 0.998956 0.997426 0.994576 0.986672 0.975159 0.945254 0.89729 0.898016 0.897401 0.883049 0.854114 0.803578 0.811174 0.805575 0.78515 0.749349 0.74521 0.733381 0.696859 0.5 
1 1 1 1 1 1 1 1 1 1 1 1 1 1 1 1 1 0.999999 0.999996 0.999988 0.999966 0.999906 0.999752 0.999364 0.998514 0.99634 0.992668 0.981626 0.96645 0.918541 0.897625 0.897739 0.89259 0.871535 0.824485 0.807494 0.808661 0.797261 0.771047 0.739438 0.739146 0.713101 0.5 
1 1 1 1 1 1 1 1 1 1 1 1 1 1 1 1 1 0.999999 0.999998 0.999994 0.999981 0.999946 0.999855 0.999631 0.99907 0.997926 0.994838 0.990164 0.97435 0.957271 0.895991 0.897678 0.895693 0.884798 0.857439 0.804342 0.808096 0.803937 0.787189 0.755705 0.732339 0.725128 0.5 
1 1 1 1 1 1 1 1 1 1 1 1 1 1 1 1 1 1 0.999999 0.999997 0.99999 0.99997 0.999917 0.999781 0.999462 0.998655 0.997166 0.992749 0.987523 0.964269 0.928696 0.89677 0.896858 0.89167 0.8742 0.827202 0.80628 0.806197 0.797033 0.775244 0.740799 0.723238 0.5 
1 1 1 1 1 1 1 1 1 1 1 1 1 1 1 1 1 1 0.999999 0.999998 0.999994 0.999983 0.999953 0.999874 0.999674 0.999232 0.998077 0.996347 0.989864 0.981918 0.954334 0.904438 0.896811 0.894865 0.884743 0.860988 0.810063 0.801209 0.802361 0.787792 0.76084 0.723685 0.5 
1 1 1 1 1 1 1 1 1 1 1 1 1 1 1 1 1 1 1 0.999999 0.999997 0.999991 0.999973 0.999927 0.999812 0.99952 0.99895 0.997289 0.995158 0.985724 0.974031 0.941265 0.889628 0.893964 0.89119 0.875138 0.84492 0.793308 0.801807 0.796599 0.775939 0.737135 0.5 
1 1 1 1 1 1 1 1 1 1 1 1 1 1 1 1 1 1 1 0.999999 0.999998 0.999995 0.999985 0.999958 0.999889 0.999726 0.999306 0.998612 0.996188 0.993433 0.979877 0.964713 0.912152 0.891644 0.892804 0.885749 0.862741 0.814213 0.79774 0.79941 0.787923 0.753599 0.5 
1 1 1 1 1 1 1 1 1 1 1 1 1 1 1 1 1 1 1 1 0.999999 0.999997 0.999992 0.999976 0.999936 0.999834 0.999616 0.999011 0.998216 0.994607 0.991286 0.971273 0.954658 0.888565 0.892183 0.890088 0.87705 0.84749 0.794029 0.79861 0.794301 0.769614 0.5 
1 1 1 1 1 1 1 1 1 1 1 1 1 1 1 1 1 1 1 1 1 0.999998 0.999995 0.999987 0.999963 0.999905 0.999756 0.999488 0.998607 0.997788 0.992353 0.988694 0.959651 0.923917 0.89025 0.891298 0.885382 0.865408 0.81622 0.796421 0.796539 0.781539 0.5 
1 1 1 1 1 1 1 1 1 1 1 1 1 1 1 1 1 1 1 1 1 0.999999 0.999997 0.999992 0.999979 0.999944 0.999864 0.999648 0.999374 0.998052 0.997177 0.989389 0.983243 0.947165 0.898765 0.890738 0.889 0.877535 0.850797 0.794136 0.796483 0.788827 0.5 
1 1 1 1 1 1 1 1 1 1 1 1 1 1 1 1 1 1 1 1 1 1 0.999999 0.999996 0.999988 0.999968 0.999916 0.999819 0.999504 0.999223 0.997334 0.996308 0.984883 0.975338 0.930855 0.884313 0.887858 0.884834 0.866577 0.818889 0.795363 0.792516 0.5 
1 1 1 1 1 1 1 1 1 1 1 1 1 1 1 1 1 1 1 1 1 1 0.999999 0.999998 0.999993 0.999982 0.999953 0.999878 0.999779 0.99931 0.999018 0.996384 0.995012 0.978184 0.967431 0.89792 0.885973 0.886575 0.87785 0.852733 0.800783 0.788307 0.5 
1 1 1 1 1 1 1 1 1 1 1 1 1 1 1 1 1 1 1 1 1 1 1 0.999999 0.999996 0.99999 0.999972 0.999937 0.999827 0.999725 0.999062 0.998738 0.995078 0.993029 0.969273 0.954698 0.874005 0.886255 0.883266 0.868071 0.835736 0.782105 0.5 
1 1 1 1 1 1 1 1 1 1 1 1 1 1 1 1 1 1 1 1 1 1 1 0.999999 0.999998 0.999994 0.999985 0.999959 0.999923 0.999758 0.999654 0.998742 0.99835 0.993213 0.99007 0.956998 0.917521 0.879786 0.885009 0.877754 0.855267 0.80566 0.5 
1 1 1 1 1 1 1 1 1 1 1 1 1 1 1 1 1 1 1 1 1 1 1 1 0.999999 0.999997 0.999991 0.999979 0.999941 0.999904 0.999671 0.999558 0.99832 0.997802 0.9905 0.984125 0.942574 0.889383 0.882244 0.882206 0.86895 0.829712 0.5 
1 1 1 1 1 1 1 1 1 1 1 1 1 1 1 1 1 1 1 1 1 1 1 1 0.999999 0.999998 0.999995 0.999986 0.999974 0.999917 0.999879 0.999559 0.99943 0.997753 0.99701 0.986024 0.975401 0.923497 0.873944 0.88034 0.87708 0.849702 0.5 
1 1 1 1 1 1 1 1 1 1 1 1 1 1 1 1 1 1 1 1 1 1 1 1 1 0.999999 0.999997 0.999993 0.99998 0.999967 0.999886 0.999846 0.999414 0.999256 0.996968 0.995786 0.979047 0.966607 0.886486 0.876974 0.878901 0.864329 0.5 
1 1 1 1 1 1 1 1 1 1 1 1 1 1 1 1 1 1 1 1 1 1 1 1 1 0.999999 0.999998 0.999996 0.999991 0.999972 0.999959 0.999847 0.999801 0.999225 0.999019 0.995833 0.993834 0.969533 0.951294 0.86118 0.877886 0.872101 0.5 
1 1 1 1 1 1 1 1 1 1 1 1 1 1 1 1 1 1 1 1 1 1 1 1 1 1 0.999999 0.999998 0.999994 0.999989 0.999961 0.999947 0.999796 0.999742 0.998974 0.998687 0.994125 0.990821 0.955832 0.909126 0.86917 0.875162 0.5 
1 1 1 1 1 1 1 1 1 1 1 1 1 1 1 1 1 1 1 1 1 1 1 1 1 1 1 0.999999 0.999997 0.999991 0.999986 0.999948 0.999931 0.99973 0.999664 0.998634 0.998206 0.991523 0.983638 0.940368 0.877912 0.872026 0.5 
1 1 1 1 1 1 1 1 1 1 1 1 1 1 1 1 1 1 1 1 1 1 1 1 1 1 1 0.999999 0.999998 0.999996 0.999987 0.999982 0.99993 0.999911 0.999644 0.999558 0.998162 0.997187 0.987051 0.973309 0.919748 0.858983 0.5 
1 1 1 1 1 1 1 1 1 1 1 1 1 1 1 1 1 1 1 1 1 1 1 1 1 1 1 1 0.999999 0.999997 0.999995 0.999983 0.999977 0.999907 0.999884 0.999532 0.999415 0.997381 0.995266 0.98021 0.961997 0.881192 0.5 
1 1 1 1 1 1 1 1 1 1 1 1 1 1 1 1 1 1 1 1 1 1 1 1 1 1 1 1 0.999999 0.999999 0.999996 0.999994 0.999977 0.99997 0.999877 0.999848 0.999382 0.999183 0.996033 0.992692 0.970144 0.929196 0.5 
1 1 1 1 1 1 1 1 1 1 1 1 1 1 1 1 1 1 1 1 1 1 1 1 1 1 1 1 1 0.999999 0.999998 0.999994 0.999992 0.999969 0.99996 0.999839 0.9998 0.999166 0.998801 0.993947 0.986876 0.950015 0.5 
1 1 1 1 1 1 1 1 1 1 1 1 1 1 1 1 1 1 1 1 1 1 1 1 1 1 1 1 1 1 0.999999 0.999998 0.999992 0.99999 0.999958 0.999948 0.999787 0.999736 0.998838 0.997833 0.990487 0.971892 0.5 
1 1 1 1 1 1 1 1 1 1 1 1 1 1 1 1 1 1 1 1 1 1 1 1 1 1 1 1 1 1 0.999999 0.999998 0.999997 0.99999 0.999987 0.999945 0.999932 0.99972 0.999616 0.998236 0.99569 0.982191 0.5 
1 1 1 1 1 1 1 1 1 1 1 1 1 1 1 1 1 1 1 1 1 1 1 1 1 1 1 1 1 1 1 0.999999 0.999997 0.999997 0.999986 0.999982 0.999927 0.99991 0.999617 0.999285 0.997132 0.990168 0.5 
1 1 1 1 1 1 1 1 1 1 1 1 1 1 1 1 1 1 1 1 1 1 1 1 1 1 1 1 1 1 1 0.999999 0.999999 0.999997 0.999996 0.999981 0.999977 0.999904 0.99987 0.999422 0.998605 0.99415 0.5 
1 1 1 1 1 1 1 1 1 1 1 1 1 1 1 1 1 1 1 1 1 1 1 1 1 1 1 1 1 1 1 1 0.999999 0.999999 0.999995 0.999994 0.999975 0.999969 0.99987 0.999764 0.999066 0.99678 0.5 
1 1 1 1 1 1 1 1 1 1 1 1 1 1 1 1 1 1 1 1 1 1 1 1 1 1 1 1 1 1 1 1 1 0.999999 0.999999 0.999994 0.999992 0.999968 0.999958 0.999804 0.999543 0.998088 0.5 
1 1 1 1 1 1 1 1 1 1 1 1 1 1 1 1 1 1 1 1 1 1 1 1 1 1 1 1 1 1 1 1 1 1 0.999998 0.999998 0.999992 0.99999 0.999956 0.999923 0.999686 0.998947 0.5 
1 1 1 1 1 1 1 1 1 1 1 1 1 1 1 1 1 1 1 1 1 1 1 1 1 1 1 1 1 1 1 1 1 1 1 0.999998 0.999997 0.999989 0.999986 0.999934 0.99985 0.999368 0.5 
1 1 1 1 1 1 1 1 1 1 1 1 1 1 1 1 1 1 1 1 1 1 1 1 1 1 1 1 1 1 1 1 1 1 1 0.999999 0.999997 0.999997 0.999986 0.999975 0.999895 0.999653 0.5 
1 1 1 1 1 1 1 1 1 1 1 1 1 1 1 1 1 1 1 1 1 1 1 1 1 1 1 1 1 1 1 1 1 1 1 0.999999 0.999999 0.999996 0.999995 0.999978 0.999951 0.99979 0.5 
1 1 1 1 1 1 1 1 1 1 1 1 1 1 1 1 1 1 1 1 1 1 1 1 1 1 1 1 1 1 1 1 1 1 1 1 0.999999 0.999999 0.999995 0.999992 0.999966 0.999885 0.5 
1 1 1 1 1 1 1 1 1 1 1 1 1 1 1 1 1 1 1 1 1 1 1 1 1 1 1 1 1 1 1 1 1 1 1 1 1 0.999999 0.999999 0.999993 0.999984 0.999931 0.5 
1 1 1 1 1 1 1 1 1 1 1 1 1 1 1 1 1 1 1 1 1 1 1 1 1 1 1 1 1 1 1 1 1 1 1 1 1 1 0.999998 0.999997 0.999989 0.999962 0.5 
1 1 1 1 1 1 1 1 1 1 1 1 1 1 1 1 1 1 1 1 1 1 1 1 1 1 1 1 1 1 1 1 1 1 1 1 1 1 1 0.999998 0.999995 0.999977 0.5 
1 1 1 1 1 1 1 1 1 1 1 1 1 1 1 1 1 1 1 1 1 1 1 1 1 1 1 1 1 1 1 1 1 1 1 1 1 1 0.999999 0.999999 0.999996 0.999987 0.5 
1 1 1 1 1 1 1 1 1 1 1 1 1 1 1 1 1 1 1 1 1 1 1 1 1 1 1 1 1 1 1 1 1 1 1 1 1 1 1 0.999999 0.999998 0.999992 0.5 
1 1 1 1 1 1 1 1 1 1 1 1 1 1 1 1 1 1 1 1 1 1 1 1 1 1 1 1 1 1 1 1 1 1 1 1 1 1 1 1 0.999999 0.999996 0.5 
1 1 1 1 1 1 1 1 1 1 1 1 1 1 1 1 1 1 1 1 1 1 1 1 1 1 1 1 1 1 1 1 1 1 1 1 1 1 1 1 0.999999 0.999998 0.5 
1 1 1 1 1 1 1 1 1 1 1 1 1 1 1 1 1 1 1 1 1 1 1 1 1 1 1 1 1 1 1 1 1 1 1 1 1 1 1 1 1 0.999999 0.5 
1 1 1 1 1 1 1 1 1 1 1 1 1 1 1 1 1 1 1 1 1 1 1 1 1 1 1 1 1 1 1 1 1 1 1 1 1 1 1 1 1 0.999999 0.5 
1 1 1 1 1 1 1 1 1 1 1 1 1 1 1 1 1 1 1 1 1 1 1 1 1 1 1 1 1 1 1 1 1 1 1 1 1 1 1 1 1 1 0.5 
1 1 1 1 1 1 1 1 1 1 1 1 1 1 1 1 1 1 1 1 1 1 1 1 1 1 1 1 1 1 1 1 1 1 1 1 1 1 1 1 1 1 0.5 
1 1 1 1 1 1 1 1 1 1 1 1 1 1 1 1 1 1 1 1 1 1 1 1 1 1 1 1 1 1 1 1 1 1 1 1 1 1 1 1 1 1 0.5 
1 1 1 1 1 1 1 1 1 1 1 1 1 1 1 1 1 1 1 1 1 1 1 1 1 1 1 1 1 1 1 1 1 1 1 1 1 1 1 1 1 1 0.5 
1 1 1 1 1 1 1 1 1 1 1 1 1 1 1 1 1 1 1 1 1 1 1 1 1 1 1 1 1 1 1 1 1 1 1 1 1 1 1 1 1 1 0.5 
1 1 1 1 1 1 1 1 1 1 1 1 1 1 1 1 1 1 1 1 1 1 1 1 1 1 1 1 1 1 1 1 1 1 1 1 1 1 1 1 1 1 0.5 
