No, norma, norm_delta_time, elapsed_norm_time
0, 44.9576, 0.001, 0
1, 1.89284, 0.001, 0.001
2, 1.79489, 0.001, 0.002
3, 1.72998, 0.001, 0.003
4, 1.6724, 0.001, 0.004
5, 1.61886, 0.001, 0.005
6, 1.57546, 0.001, 0.006
7, 1.53795, 0.001, 0.007
8, 1.50225, 0.001, 0.008
9, 1.47027, 0.001, 0.009
10, 1.44199, 0.001, 0.01
11, 1.4152, 0.001, 0.011
12, 1.39005, 0.001, 0.012
13, 1.3672, 0.001, 0.013
14, 1.34562, 0.001, 0.014
15, 1.3249, 0.001, 0.015
16, 1.30562, 0.001, 0.016
17, 1.28752, 0.001, 0.017
18, 1.26997, 0.001, 0.018
19, 1.25322, 0.001, 0.019
20, 1.23748, 0.001, 0.02
21, 1.22231, 0.001, 0.021
22, 1.20755, 0.001, 0.022
23, 1.1935, 0.001, 0.023
24, 1.18008, 0.001, 0.024
25, 1.16698, 0.001, 0.025
26, 1.15427, 0.001, 0.026
27, 1.14213, 0.001, 0.027
28, 1.13038, 0.001, 0.028
29, 1.11885, 0.001, 0.029
30, 1.10768, 0.001, 0.03
31, 1.09696, 0.001, 0.031
32, 1.08648, 0.001, 0.032
33, 1.07619, 0.001, 0.033
34, 1.06624, 0.001, 0.034
35, 1.05661, 0.001, 0.035
36, 1.04716, 0.001, 0.036
37, 1.03788, 0.001, 0.037
38, 1.0289, 0.001, 0.038
39, 1.02016, 0.001, 0.039
40, 1.01155, 0.001, 0.04
41, 1.00311, 0.001, 0.041
42, 0.99492, 0.001, 0.042
43, 0.986915, 0.001, 0.043
44, 0.979017, 0.001, 0.044
45, 0.971281, 0.001, 0.045
46, 0.963759, 0.001, 0.046
47, 0.95638, 0.001, 0.047
48, 0.949093, 0.001, 0.048
49, 0.941956, 0.001, 0.049
50, 0.935001, 0.001, 0.05
51, 0.928162, 0.001, 0.051
52, 0.921406, 0.001, 0.052
53, 0.914785, 0.001, 0.053
54, 0.90832, 0.001, 0.054
55, 0.901954, 0.001, 0.055
56, 0.895662, 0.001, 0.056
57, 0.889491, 0.001, 0.057
58, 0.883455, 0.001, 0.058
59, 0.877507, 0.001, 0.059
60, 0.871625, 0.001, 0.06
61, 0.865849, 0.001, 0.061
62, 0.860194, 0.001, 0.062
63, 0.854617, 0.001, 0.063
64, 0.849099, 0.001, 0.064
65, 0.843675, 0.001, 0.065
66, 0.838359, 0.001, 0.066
67, 0.833115, 0.001, 0.067
68, 0.827924, 0.001, 0.068
69, 0.822814, 0.001, 0.069
70, 0.817802, 0.001, 0.07
71, 0.812858, 0.001, 0.071
72, 0.807961, 0.001, 0.072
73, 0.803136, 0.001, 0.073
74, 0.798398, 0.001, 0.074
75, 0.793724, 0.001, 0.075
76, 0.789095, 0.001, 0.076
77, 0.784527, 0.001, 0.077
78, 0.780038, 0.001, 0.078
79, 0.775611, 0.001, 0.079
80, 0.771226, 0.001, 0.08
81, 0.766892, 0.001, 0.081
82, 0.76263, 0.001, 0.082
83, 0.758428, 0.001, 0.083
84, 0.754266, 0.001, 0.084
85, 0.750148, 0.001, 0.085
86, 0.746092, 0.001, 0.086
87, 0.742095, 0.001, 0.087
88, 0.738138, 0.001, 0.088
89, 0.734219, 0.001, 0.089
90, 0.730354, 0.001, 0.09
91, 0.726545, 0.001, 0.091
92, 0.722777, 0.001, 0.092
93, 0.719041, 0.001, 0.093
94, 0.715352, 0.001, 0.094
95, 0.711717, 0.001, 0.095
96, 0.708122, 0.001, 0.096
97, 0.704557, 0.001, 0.097
98, 0.701032, 0.001, 0.098
99, 0.697555, 0.001, 0.099
100, 0.694121, 0.001, 0.1
101, 0.690716, 0.001, 0.101
102, 0.687343, 0.001, 0.102
103, 0.684014, 0.001, 0.103
104, 0.680727, 0.001, 0.104
105, 0.67747, 0.001, 0.105
106, 0.67424, 0.001, 0.106
107, 0.671048, 0.001, 0.107
108, 0.667897, 0.001, 0.108
109, 0.664778, 0.001, 0.109
110, 0.661683, 0.001, 0.11
111, 0.65862, 0.001, 0.111
112, 0.655596, 0.001, 0.112
113, 0.652604, 0.001, 0.113
114, 0.649636, 0.001, 0.114
115, 0.646694, 0.001, 0.115
116, 0.643787, 0.001, 0.116
117, 0.640913, 0.001, 0.117
118, 0.638064, 0.001, 0.118
119, 0.635238, 0.001, 0.119
120, 0.632441, 0.001, 0.12
121, 0.629676, 0.001, 0.121
122, 0.626938, 0.001, 0.122
123, 0.624221, 0.001, 0.123
124, 0.621528, 0.001, 0.124
125, 0.618865, 0.001, 0.125
126, 0.61623, 0.001, 0.126
127, 0.613617, 0.001, 0.127
128, 0.611023, 0.001, 0.128
129, 0.608456, 0.001, 0.129
130, 0.605917, 0.001, 0.13
131, 0.6034, 0.001, 0.131
132, 0.600902, 0.001, 0.132
133, 0.598425, 0.001, 0.133
134, 0.595975, 0.001, 0.134
135, 0.593548, 0.001, 0.135
136, 0.59114, 0.001, 0.136
137, 0.588751, 0.001, 0.137
138, 0.586384, 0.001, 0.138
139, 0.584042, 0.001, 0.139
140, 0.581719, 0.001, 0.14
141, 0.579413, 0.001, 0.141
142, 0.577126, 0.001, 0.142
143, 0.574862, 0.001, 0.143
144, 0.572618, 0.001, 0.144
145, 0.570392, 0.001, 0.145
146, 0.568182, 0.001, 0.146
147, 0.565991, 0.001, 0.147
148, 0.563822, 0.001, 0.148
149, 0.561671, 0.001, 0.149
150, 0.559534, 0.001, 0.15
151, 0.557415, 0.001, 0.151
152, 0.555315, 0.001, 0.152
153, 0.553234, 0.001, 0.153
154, 0.551169, 0.001, 0.154
155, 0.549118, 0.001, 0.155
156, 0.547085, 0.001, 0.156
157, 0.545072, 0.001, 0.157
158, 0.543077, 0.001, 0.158
159, 0.5411, 0.001, 0.159
160, 0.539143, 0.001, 0.16
161, 0.537216, 0.001, 0.161
162, 0.535326, 0.001, 0.162
163, 0.533485, 0.001, 0.163
164, 0.53172, 0.001, 0.164
165, 0.530073, 0.001, 0.165
166, 0.528617, 0.001, 0.166
167, 0.527457, 0.001, 0.167
168, 0.526756, 0.001, 0.168
169, 0.526752, 0.001, 0.169
170, 0.527776, 0.001, 0.17
171, 0.530243, 0.001, 0.171
172, 0.534627, 0.001, 0.172
173, 0.541391, 0.001, 0.173
174, 0.550865, 0.001, 0.174
175, 0.563109, 0.001, 0.175
176, 0.577785, 0.001, 0.176
177, 0.594124, 0.001, 0.177
178, 0.61101, 0.001, 0.178
179, 0.627162, 0.001, 0.179
180, 0.641336, 0.001, 0.18
181, 0.652508, 0.001, 0.181
182, 0.65998, 0.001, 0.182
183, 0.663409, 0.001, 0.183
184, 0.662782, 0.001, 0.184
185, 0.658343, 0.001, 0.185
186, 0.650518, 0.001, 0.186
187, 0.639837, 0.001, 0.187
188, 0.626865, 0.001, 0.188
189, 0.612164, 0.001, 0.189
190, 0.596255, 0.001, 0.19
191, 0.579602, 0.001, 0.191
192, 0.562608, 0.001, 0.192
193, 0.545609, 0.001, 0.193
194, 0.528879, 0.001, 0.194
195, 0.512631, 0.001, 0.195
196, 0.497031, 0.001, 0.196
197, 0.482194, 0.001, 0.197
198, 0.468202, 0.001, 0.198
199, 0.455101, 0.001, 0.199
200, 0.442911, 0.001, 0.2
201, 0.431631, 0.001, 0.201
202, 0.421244, 0.001, 0.202
203, 0.411719, 0.001, 0.203
204, 0.403019, 0.001, 0.204
205, 0.395096, 0.001, 0.205
206, 0.3879, 0.001, 0.206
207, 0.381379, 0.001, 0.207
208, 0.37548, 0.001, 0.208
209, 0.37015, 0.001, 0.209
210, 0.36534, 0.001, 0.21
211, 0.361002, 0.001, 0.211
212, 0.357089, 0.001, 0.212
213, 0.35356, 0.001, 0.213
214, 0.350375, 0.001, 0.214
215, 0.347499, 0.001, 0.215
216, 0.344899, 0.001, 0.216
217, 0.342546, 0.001, 0.217
218, 0.340412, 0.001, 0.218
219, 0.338473, 0.001, 0.219
220, 0.336709, 0.001, 0.22
221, 0.335099, 0.001, 0.221
222, 0.333627, 0.001, 0.222
223, 0.332279, 0.001, 0.223
224, 0.331043, 0.001, 0.224
225, 0.329907, 0.001, 0.225
226, 0.328859, 0.001, 0.226
227, 0.327888, 0.001, 0.227
228, 0.326984, 0.001, 0.228
229, 0.326147, 0.001, 0.229
230, 0.325372, 0.001, 0.23
231, 0.324651, 0.001, 0.231
232, 0.323975, 0.001, 0.232
233, 0.323334, 0.001, 0.233
234, 0.322721, 0.001, 0.234
235, 0.322147, 0.001, 0.235
236, 0.321611, 0.001, 0.236
237, 0.321109, 0.001, 0.237
238, 0.320634, 0.001, 0.238
239, 0.320168, 0.001, 0.239
240, 0.319705, 0.001, 0.24
241, 0.319263, 0.001, 0.241
242, 0.31885, 0.001, 0.242
243, 0.318463, 0.001, 0.243
244, 0.318096, 0.001, 0.244
245, 0.317732, 0.001, 0.245
246, 0.317347, 0.001, 0.246
247, 0.316969, 0.001, 0.247
248, 0.316612, 0.001, 0.248
249, 0.31628, 0.001, 0.249
250, 0.31597, 0.001, 0.25
251, 0.315667, 0.001, 0.251
252, 0.315331, 0.001, 0.252
253, 0.314982, 0.001, 0.253
254, 0.314646, 0.001, 0.254
255, 0.314333, 0.001, 0.255
256, 0.314046, 0.001, 0.256
257, 0.313775, 0.001, 0.257
258, 0.313479, 0.001, 0.258
259, 0.313144, 0.001, 0.259
260, 0.312812, 0.001, 0.26
261, 0.312499, 0.001, 0.261
262, 0.312212, 0.001, 0.262
263, 0.311951, 0.001, 0.263
264, 0.311687, 0.001, 0.264
265, 0.311365, 0.001, 0.265
266, 0.31103, 0.001, 0.266
267, 0.310707, 0.001, 0.267
268, 0.31041, 0.001, 0.268
269, 0.310142, 0.001, 0.269
270, 0.309891, 0.001, 0.27
271, 0.309589, 0.001, 0.271
272, 0.309252, 0.001, 0.272
273, 0.308917, 0.001, 0.273
274, 0.308603, 0.001, 0.274
275, 0.30832, 0.001, 0.275
276, 0.308065, 0.001, 0.276
277, 0.307786, 0.001, 0.277
278, 0.307449, 0.001, 0.278
279, 0.307104, 0.001, 0.279
280, 0.306774, 0.001, 0.28
281, 0.306472, 0.001, 0.281
282, 0.306203, 0.001, 0.282
283, 0.305938, 0.001, 0.283
284, 0.305605, 0.001, 0.284
285, 0.305253, 0.001, 0.285
286, 0.304908, 0.001, 0.286
287, 0.304588, 0.001, 0.287
288, 0.304301, 0.001, 0.288
289, 0.304038, 0.001, 0.289
290, 0.303711, 0.001, 0.29
291, 0.303354, 0.001, 0.291
292, 0.302999, 0.001, 0.292
293, 0.302663, 0.001, 0.293
294, 0.302359, 0.001, 0.294
295, 0.302086, 0.001, 0.295
296, 0.301766, 0.001, 0.296
297, 0.301406, 0.001, 0.297
298, 0.301043, 0.001, 0.298
299, 0.300695, 0.001, 0.299
300, 0.300376, 0.001, 0.3
301, 0.30009, 0.001, 0.301
302, 0.299772, 0.001, 0.302
303, 0.299409, 0.001, 0.303
304, 0.299041, 0.001, 0.304
305, 0.298684, 0.001, 0.305
306, 0.298353, 0.001, 0.306
307, 0.298055, 0.001, 0.307
308, 0.297733, 0.001, 0.308
309, 0.297366, 0.001, 0.309
310, 0.296994, 0.001, 0.31
311, 0.29663, 0.001, 0.311
312, 0.296291, 0.001, 0.312
313, 0.295982, 0.001, 0.313
314, 0.295652, 0.001, 0.314
315, 0.295281, 0.001, 0.315
316, 0.294906, 0.001, 0.316
317, 0.294539, 0.001, 0.317
318, 0.294193, 0.001, 0.318
319, 0.293877, 0.001, 0.319
320, 0.293534, 0.001, 0.32
321, 0.293159, 0.001, 0.321
322, 0.292781, 0.001, 0.322
323, 0.292412, 0.001, 0.323
324, 0.292064, 0.001, 0.324
325, 0.291741, 0.001, 0.325
326, 0.291383, 0.001, 0.326
327, 0.291004, 0.001, 0.327
328, 0.290626, 0.001, 0.328
329, 0.290257, 0.001, 0.329
330, 0.289908, 0.001, 0.33
331, 0.289577, 0.001, 0.331
332, 0.289204, 0.001, 0.332
333, 0.288823, 0.001, 0.333
334, 0.288445, 0.001, 0.334
335, 0.288078, 0.001, 0.335
336, 0.28773, 0.001, 0.336
337, 0.287383, 0.001, 0.337
338, 0.287002, 0.001, 0.338
339, 0.286621, 0.001, 0.339
340, 0.286245, 0.001, 0.34
341, 0.285881, 0.001, 0.341
342, 0.285534, 0.001, 0.342
343, 0.285167, 0.001, 0.343
344, 0.284785, 0.001, 0.344
345, 0.284405, 0.001, 0.345
346, 0.284033, 0.001, 0.346
347, 0.283673, 0.001, 0.347
348, 0.283321, 0.001, 0.348
349, 0.282939, 0.001, 0.349
350, 0.282558, 0.001, 0.35
351, 0.282182, 0.001, 0.351
352, 0.281814, 0.001, 0.352
353, 0.281459, 0.001, 0.353
354, 0.281088, 0.001, 0.354
355, 0.280707, 0.001, 0.355
356, 0.28033, 0.001, 0.356
357, 0.279958, 0.001, 0.357
358, 0.279597, 0.001, 0.358
359, 0.279236, 0.001, 0.359
360, 0.278855, 0.001, 0.36
361, 0.278478, 0.001, 0.361
362, 0.278106, 0.001, 0.362
363, 0.277741, 0.001, 0.363
364, 0.277383, 0.001, 0.364
365, 0.277006, 0.001, 0.365
366, 0.276631, 0.001, 0.366
367, 0.27626, 0.001, 0.367
368, 0.275894, 0.001, 0.368
369, 0.275536, 0.001, 0.369
370, 0.275166, 0.001, 0.37
371, 0.274792, 0.001, 0.371
372, 0.274423, 0.001, 0.372
373, 0.274059, 0.001, 0.373
374, 0.273701, 0.001, 0.374
375, 0.273337, 0.001, 0.375
376, 0.272966, 0.001, 0.376
377, 0.272601, 0.001, 0.377
378, 0.27224, 0.001, 0.378
379, 0.271883, 0.001, 0.379
380, 0.271523, 0.001, 0.38
381, 0.271158, 0.001, 0.381
382, 0.270797, 0.001, 0.382
383, 0.270439, 0.001, 0.383
384, 0.270086, 0.001, 0.384
385, 0.26973, 0.001, 0.385
386, 0.269371, 0.001, 0.386
387, 0.269015, 0.001, 0.387
388, 0.268663, 0.001, 0.388
389, 0.268314, 0.001, 0.389
390, 0.267962, 0.001, 0.39
391, 0.26761, 0.001, 0.391
392, 0.26726, 0.001, 0.392
393, 0.266914, 0.001, 0.393
394, 0.26657, 0.001, 0.394
395, 0.266225, 0.001, 0.395
396, 0.26588, 0.001, 0.396
397, 0.265537, 0.001, 0.397
398, 0.265198, 0.001, 0.398
399, 0.26486, 0.001, 0.399
400, 0.264521, 0.001, 0.4
401, 0.264185, 0.001, 0.401
402, 0.26385, 0.001, 0.402
403, 0.263518, 0.001, 0.403
404, 0.263187, 0.001, 0.404
405, 0.262857, 0.001, 0.405
406, 0.262529, 0.001, 0.406
407, 0.262203, 0.001, 0.407
408, 0.261879, 0.001, 0.408
409, 0.261557, 0.001, 0.409
410, 0.261236, 0.001, 0.41
411, 0.260917, 0.001, 0.411
412, 0.2606, 0.001, 0.412
413, 0.260285, 0.001, 0.413
414, 0.259972, 0.001, 0.414
415, 0.259661, 0.001, 0.415
416, 0.259352, 0.001, 0.416
417, 0.259045, 0.001, 0.417
418, 0.258739, 0.001, 0.418
419, 0.258436, 0.001, 0.419
420, 0.258135, 0.001, 0.42
421, 0.257836, 0.001, 0.421
422, 0.257539, 0.001, 0.422
423, 0.257244, 0.001, 0.423
424, 0.25695, 0.001, 0.424
425, 0.256659, 0.001, 0.425
426, 0.25637, 0.001, 0.426
427, 0.256083, 0.001, 0.427
428, 0.255798, 0.001, 0.428
429, 0.255515, 0.001, 0.429
430, 0.255234, 0.001, 0.43
431, 0.254955, 0.001, 0.431
432, 0.254678, 0.001, 0.432
433, 0.254402, 0.001, 0.433
434, 0.254129, 0.001, 0.434
435, 0.253857, 0.001, 0.435
436, 0.253588, 0.001, 0.436
437, 0.25332, 0.001, 0.437
438, 0.253053, 0.001, 0.438
439, 0.252789, 0.001, 0.439
440, 0.252526, 0.001, 0.44
441, 0.252264, 0.001, 0.441
442, 0.252005, 0.001, 0.442
443, 0.251746, 0.001, 0.443
444, 0.251489, 0.001, 0.444
445, 0.251233, 0.001, 0.445
446, 0.250978, 0.001, 0.446
447, 0.250725, 0.001, 0.447
448, 0.250472, 0.001, 0.448
449, 0.250221, 0.001, 0.449
450, 0.24997, 0.001, 0.45
451, 0.24972, 0.001, 0.451
452, 0.249471, 0.001, 0.452
453, 0.249222, 0.001, 0.453
454, 0.248974, 0.001, 0.454
455, 0.248726, 0.001, 0.455
456, 0.248479, 0.001, 0.456
457, 0.248232, 0.001, 0.457
458, 0.247985, 0.001, 0.458
459, 0.247739, 0.001, 0.459
460, 0.247492, 0.001, 0.46
461, 0.247246, 0.001, 0.461
462, 0.247, 0.001, 0.462
463, 0.246753, 0.001, 0.463
464, 0.246506, 0.001, 0.464
465, 0.246259, 0.001, 0.465
466, 0.246012, 0.001, 0.466
467, 0.245765, 0.001, 0.467
468, 0.245517, 0.001, 0.468
469, 0.245269, 0.001, 0.469
470, 0.24502, 0.001, 0.47
471, 0.244771, 0.001, 0.471
472, 0.244521, 0.001, 0.472
473, 0.244271, 0.001, 0.473
474, 0.24402, 0.001, 0.474
475, 0.243768, 0.001, 0.475
476, 0.243516, 0.001, 0.476
477, 0.243263, 0.001, 0.477
478, 0.243009, 0.001, 0.478
479, 0.242755, 0.001, 0.479
480, 0.2425, 0.001, 0.48
481, 0.242245, 0.001, 0.481
482, 0.241988, 0.001, 0.482
483, 0.241731, 0.001, 0.483
484, 0.241474, 0.001, 0.484
485, 0.241215, 0.001, 0.485
486, 0.240956, 0.001, 0.486
487, 0.240697, 0.001, 0.487
488, 0.240437, 0.001, 0.488
489, 0.240176, 0.001, 0.489
490, 0.239915, 0.001, 0.49
491, 0.239654, 0.001, 0.491
492, 0.239392, 0.001, 0.492
493, 0.23913, 0.001, 0.493
494, 0.238867, 0.001, 0.494
495, 0.238604, 0.001, 0.495
496, 0.238341, 0.001, 0.496
497, 0.238078, 0.001, 0.497
498, 0.237814, 0.001, 0.498
499, 0.237551, 0.001, 0.499
500, 0.237287, 0.001, 0.5
501, 0.237024, 0.001, 0.501
502, 0.23676, 0.001, 0.502
503, 0.236497, 0.001, 0.503
504, 0.236234, 0.001, 0.504
505, 0.23597, 0.001, 0.505
506, 0.235708, 0.001, 0.506
507, 0.235445, 0.001, 0.507
508, 0.235183, 0.001, 0.508
509, 0.234921, 0.001, 0.509
510, 0.234659, 0.001, 0.51
511, 0.234398, 0.001, 0.511
512, 0.234137, 0.001, 0.512
513, 0.233877, 0.001, 0.513
514, 0.233617, 0.001, 0.514
515, 0.233357, 0.001, 0.515
516, 0.233098, 0.001, 0.516
517, 0.232839, 0.001, 0.517
518, 0.232581, 0.001, 0.518
519, 0.232323, 0.001, 0.519
520, 0.232066, 0.001, 0.52
521, 0.231809, 0.001, 0.521
522, 0.231552, 0.001, 0.522
523, 0.231295, 0.001, 0.523
524, 0.231039, 0.001, 0.524
525, 0.230784, 0.001, 0.525
526, 0.230528, 0.001, 0.526
527, 0.230273, 0.001, 0.527
528, 0.230017, 0.001, 0.528
529, 0.229762, 0.001, 0.529
530, 0.229507, 0.001, 0.53
531, 0.229252, 0.001, 0.531
532, 0.228997, 0.001, 0.532
533, 0.228742, 0.001, 0.533
534, 0.228487, 0.001, 0.534
535, 0.228231, 0.001, 0.535
536, 0.227975, 0.001, 0.536
537, 0.227719, 0.001, 0.537
538, 0.227462, 0.001, 0.538
539, 0.227205, 0.001, 0.539
540, 0.226947, 0.001, 0.54
541, 0.226689, 0.001, 0.541
542, 0.22643, 0.001, 0.542
543, 0.226171, 0.001, 0.543
544, 0.225911, 0.001, 0.544
545, 0.22565, 0.001, 0.545
546, 0.225388, 0.001, 0.546
547, 0.225126, 0.001, 0.547
548, 0.224862, 0.001, 0.548
549, 0.224598, 0.001, 0.549
550, 0.224332, 0.001, 0.55
551, 0.224066, 0.001, 0.551
552, 0.223799, 0.001, 0.552
553, 0.223531, 0.001, 0.553
554, 0.223261, 0.001, 0.554
555, 0.222991, 0.001, 0.555
556, 0.22272, 0.001, 0.556
557, 0.222447, 0.001, 0.557
558, 0.222174, 0.001, 0.558
559, 0.2219, 0.001, 0.559
560, 0.221624, 0.001, 0.56
561, 0.221348, 0.001, 0.561
562, 0.221071, 0.001, 0.562
563, 0.220793, 0.001, 0.563
564, 0.220514, 0.001, 0.564
565, 0.220235, 0.001, 0.565
566, 0.219954, 0.001, 0.566
567, 0.219673, 0.001, 0.567
568, 0.219391, 0.001, 0.568
569, 0.219108, 0.001, 0.569
570, 0.218825, 0.001, 0.57
571, 0.218542, 0.001, 0.571
572, 0.218258, 0.001, 0.572
573, 0.217973, 0.001, 0.573
574, 0.217688, 0.001, 0.574
575, 0.217403, 0.001, 0.575
576, 0.217117, 0.001, 0.576
577, 0.216832, 0.001, 0.577
578, 0.216546, 0.001, 0.578
579, 0.21626, 0.001, 0.579
580, 0.215974, 0.001, 0.58
581, 0.215688, 0.001, 0.581
582, 0.215402, 0.001, 0.582
583, 0.215117, 0.001, 0.583
584, 0.214831, 0.001, 0.584
585, 0.214546, 0.001, 0.585
586, 0.214261, 0.001, 0.586
587, 0.213977, 0.001, 0.587
588, 0.213692, 0.001, 0.588
589, 0.213409, 0.001, 0.589
590, 0.213125, 0.001, 0.59
591, 0.212843, 0.001, 0.591
592, 0.21256, 0.001, 0.592
593, 0.212279, 0.001, 0.593
594, 0.211998, 0.001, 0.594
595, 0.211717, 0.001, 0.595
596, 0.211438, 0.001, 0.596
597, 0.211159, 0.001, 0.597
598, 0.21088, 0.001, 0.598
599, 0.210603, 0.001, 0.599
600, 0.210326, 0.001, 0.6
601, 0.21005, 0.001, 0.601
602, 0.209775, 0.001, 0.602
603, 0.209501, 0.001, 0.603
604, 0.209227, 0.001, 0.604
605, 0.208955, 0.001, 0.605
606, 0.208683, 0.001, 0.606
607, 0.208412, 0.001, 0.607
608, 0.208142, 0.001, 0.608
609, 0.207873, 0.001, 0.609
610, 0.207605, 0.001, 0.61
611, 0.207338, 0.001, 0.611
612, 0.207072, 0.001, 0.612
613, 0.206806, 0.001, 0.613
614, 0.206542, 0.001, 0.614
615, 0.206278, 0.001, 0.615
616, 0.206015, 0.001, 0.616
617, 0.205753, 0.001, 0.617
618, 0.205492, 0.001, 0.618
619, 0.205232, 0.001, 0.619
620, 0.204973, 0.001, 0.62
621, 0.204715, 0.001, 0.621
622, 0.204457, 0.001, 0.622
623, 0.204201, 0.001, 0.623
624, 0.203945, 0.001, 0.624
625, 0.20369, 0.001, 0.625
626, 0.203436, 0.001, 0.626
627, 0.203183, 0.001, 0.627
628, 0.20293, 0.001, 0.628
629, 0.202678, 0.001, 0.629
630, 0.202427, 0.001, 0.63
631, 0.202177, 0.001, 0.631
632, 0.201928, 0.001, 0.632
633, 0.201679, 0.001, 0.633
634, 0.201431, 0.001, 0.634
635, 0.201184, 0.001, 0.635
636, 0.200938, 0.001, 0.636
637, 0.200692, 0.001, 0.637
638, 0.200447, 0.001, 0.638
639, 0.200202, 0.001, 0.639
640, 0.199959, 0.001, 0.64
641, 0.199716, 0.001, 0.641
642, 0.199473, 0.001, 0.642
643, 0.199231, 0.001, 0.643
644, 0.19899, 0.001, 0.644
645, 0.198749, 0.001, 0.645
646, 0.198509, 0.001, 0.646
647, 0.19827, 0.001, 0.647
648, 0.198031, 0.001, 0.648
649, 0.197793, 0.001, 0.649
650, 0.197555, 0.001, 0.65
651, 0.197318, 0.001, 0.651
652, 0.197081, 0.001, 0.652
653, 0.196845, 0.001, 0.653
654, 0.19661, 0.001, 0.654
655, 0.196375, 0.001, 0.655
656, 0.19614, 0.001, 0.656
657, 0.195906, 0.001, 0.657
658, 0.195673, 0.001, 0.658
659, 0.19544, 0.001, 0.659
660, 0.195207, 0.001, 0.66
661, 0.194976, 0.001, 0.661
662, 0.194744, 0.001, 0.662
663, 0.194513, 0.001, 0.663
664, 0.194283, 0.001, 0.664
665, 0.194053, 0.001, 0.665
666, 0.193824, 0.001, 0.666
667, 0.193596, 0.001, 0.667
668, 0.193367, 0.001, 0.668
669, 0.19314, 0.001, 0.669
670, 0.192913, 0.001, 0.67
671, 0.192686, 0.001, 0.671
672, 0.192461, 0.001, 0.672
673, 0.192235, 0.001, 0.673
674, 0.192011, 0.001, 0.674
675, 0.191787, 0.001, 0.675
676, 0.191563, 0.001, 0.676
677, 0.19134, 0.001, 0.677
678, 0.191118, 0.001, 0.678
679, 0.190897, 0.001, 0.679
680, 0.190676, 0.001, 0.68
681, 0.190456, 0.001, 0.681
682, 0.190236, 0.001, 0.682
683, 0.190018, 0.001, 0.683
684, 0.1898, 0.001, 0.684
685, 0.189583, 0.001, 0.685
686, 0.189366, 0.001, 0.686
687, 0.18915, 0.001, 0.687
688, 0.188935, 0.001, 0.688
689, 0.188721, 0.001, 0.689
690, 0.188508, 0.001, 0.69
691, 0.188295, 0.001, 0.691
692, 0.188084, 0.001, 0.692
693, 0.187873, 0.001, 0.693
694, 0.187663, 0.001, 0.694
695, 0.187454, 0.001, 0.695
696, 0.187245, 0.001, 0.696
697, 0.187038, 0.001, 0.697
698, 0.186832, 0.001, 0.698
699, 0.186626, 0.001, 0.699
700, 0.186421, 0.001, 0.7
701, 0.186218, 0.001, 0.701
702, 0.186015, 0.001, 0.702
703, 0.185813, 0.001, 0.703
704, 0.185612, 0.001, 0.704
705, 0.185412, 0.001, 0.705
706, 0.185213, 0.001, 0.706
707, 0.185015, 0.001, 0.707
708, 0.184818, 0.001, 0.708
709, 0.184622, 0.001, 0.709
710, 0.184427, 0.001, 0.71
711, 0.184233, 0.001, 0.711
712, 0.184039, 0.001, 0.712
713, 0.183847, 0.001, 0.713
714, 0.183656, 0.001, 0.714
715, 0.183465, 0.001, 0.715
716, 0.183276, 0.001, 0.716
717, 0.183087, 0.001, 0.717
718, 0.1829, 0.001, 0.718
719, 0.182713, 0.001, 0.719
720, 0.182528, 0.001, 0.72
721, 0.182343, 0.001, 0.721
722, 0.182159, 0.001, 0.722
723, 0.181976, 0.001, 0.723
724, 0.181794, 0.001, 0.724
725, 0.181612, 0.001, 0.725
726, 0.181432, 0.001, 0.726
727, 0.181252, 0.001, 0.727
728, 0.181074, 0.001, 0.728
729, 0.180896, 0.001, 0.729
730, 0.180718, 0.001, 0.73
731, 0.180542, 0.001, 0.731
732, 0.180366, 0.001, 0.732
733, 0.180192, 0.001, 0.733
734, 0.180018, 0.001, 0.734
735, 0.179844, 0.001, 0.735
736, 0.179672, 0.001, 0.736
737, 0.1795, 0.001, 0.737
738, 0.179329, 0.001, 0.738
739, 0.179159, 0.001, 0.739
740, 0.17899, 0.001, 0.74
741, 0.178821, 0.001, 0.741
742, 0.178654, 0.001, 0.742
743, 0.178488, 0.001, 0.743
744, 0.178323, 0.001, 0.744
745, 0.17816, 0.001, 0.745
746, 0.177999, 0.001, 0.746
747, 0.177841, 0.001, 0.747
748, 0.177685, 0.001, 0.748
749, 0.177534, 0.001, 0.749
750, 0.177387, 0.001, 0.75
751, 0.177248, 0.001, 0.751
752, 0.177116, 0.001, 0.752
753, 0.176996, 0.001, 0.753
754, 0.176889, 0.001, 0.754
755, 0.1768, 0.001, 0.755
756, 0.176734, 0.001, 0.756
757, 0.176697, 0.001, 0.757
758, 0.176697, 0.001, 0.758
759, 0.176743, 0.001, 0.759
760, 0.176848, 0.001, 0.76
761, 0.177026, 0.001, 0.761
762, 0.177293, 0.001, 0.762
763, 0.17767, 0.001, 0.763
764, 0.178179, 0.001, 0.764
765, 0.178845, 0.001, 0.765
766, 0.179697, 0.001, 0.766
767, 0.180761, 0.001, 0.767
768, 0.182068, 0.001, 0.768
769, 0.183643, 0.001, 0.769
770, 0.185507, 0.001, 0.77
771, 0.187677, 0.001, 0.771
772, 0.190158, 0.001, 0.772
773, 0.192941, 0.001, 0.773
774, 0.196007, 0.001, 0.774
775, 0.199318, 0.001, 0.775
776, 0.202824, 0.001, 0.776
777, 0.206457, 0.001, 0.777
778, 0.210142, 0.001, 0.778
779, 0.213794, 0.001, 0.779
780, 0.217324, 0.001, 0.78
781, 0.220645, 0.001, 0.781
782, 0.223675, 0.001, 0.782
783, 0.226339, 0.001, 0.783
784, 0.228577, 0.001, 0.784
785, 0.23034, 0.001, 0.785
786, 0.231595, 0.001, 0.786
787, 0.232326, 0.001, 0.787
788, 0.232527, 0.001, 0.788
789, 0.232209, 0.001, 0.789
790, 0.231395, 0.001, 0.79
791, 0.230113, 0.001, 0.791
792, 0.228404, 0.001, 0.792
793, 0.226311, 0.001, 0.793
794, 0.223881, 0.001, 0.794
795, 0.221165, 0.001, 0.795
796, 0.218211, 0.001, 0.796
797, 0.215069, 0.001, 0.797
798, 0.211785, 0.001, 0.798
799, 0.208404, 0.001, 0.799
800, 0.204966, 0.001, 0.8
801, 0.201508, 0.001, 0.801
802, 0.198063, 0.001, 0.802
803, 0.194659, 0.001, 0.803
804, 0.191322, 0.001, 0.804
805, 0.188072, 0.001, 0.805
806, 0.184925, 0.001, 0.806
807, 0.181896, 0.001, 0.807
808, 0.178994, 0.001, 0.808
809, 0.176226, 0.001, 0.809
810, 0.173598, 0.001, 0.81
811, 0.171111, 0.001, 0.811
812, 0.168765, 0.001, 0.812
813, 0.166559, 0.001, 0.813
814, 0.16449, 0.001, 0.814
815, 0.162555, 0.001, 0.815
816, 0.160747, 0.001, 0.816
817, 0.159062, 0.001, 0.817
818, 0.157492, 0.001, 0.818
819, 0.156033, 0.001, 0.819
820, 0.154677, 0.001, 0.82
821, 0.153417, 0.001, 0.821
822, 0.152248, 0.001, 0.822
823, 0.151162, 0.001, 0.823
824, 0.150153, 0.001, 0.824
825, 0.149216, 0.001, 0.825
826, 0.148344, 0.001, 0.826
827, 0.147533, 0.001, 0.827
828, 0.146777, 0.001, 0.828
829, 0.146072, 0.001, 0.829
830, 0.145413, 0.001, 0.83
831, 0.144797, 0.001, 0.831
832, 0.144219, 0.001, 0.832
833, 0.143676, 0.001, 0.833
834, 0.143165, 0.001, 0.834
835, 0.142683, 0.001, 0.835
836, 0.142228, 0.001, 0.836
837, 0.141797, 0.001, 0.837
838, 0.141388, 0.001, 0.838
839, 0.141, 0.001, 0.839
840, 0.14063, 0.001, 0.84
841, 0.140276, 0.001, 0.841
842, 0.139938, 0.001, 0.842
843, 0.139614, 0.001, 0.843
844, 0.139303, 0.001, 0.844
845, 0.139004, 0.001, 0.845
846, 0.138716, 0.001, 0.846
847, 0.138438, 0.001, 0.847
848, 0.138169, 0.001, 0.848
849, 0.137909, 0.001, 0.849
850, 0.137657, 0.001, 0.85
851, 0.137413, 0.001, 0.851
852, 0.137175, 0.001, 0.852
853, 0.136944, 0.001, 0.853
854, 0.13672, 0.001, 0.854
855, 0.136501, 0.001, 0.855
856, 0.136287, 0.001, 0.856
857, 0.136078, 0.001, 0.857
858, 0.135874, 0.001, 0.858
859, 0.135675, 0.001, 0.859
860, 0.13548, 0.001, 0.86
861, 0.13529, 0.001, 0.861
862, 0.135103, 0.001, 0.862
863, 0.13492, 0.001, 0.863
864, 0.13474, 0.001, 0.864
865, 0.134564, 0.001, 0.865
866, 0.134392, 0.001, 0.866
867, 0.134223, 0.001, 0.867
868, 0.134057, 0.001, 0.868
869, 0.133893, 0.001, 0.869
870, 0.133732, 0.001, 0.87
871, 0.133574, 0.001, 0.871
872, 0.133419, 0.001, 0.872
873, 0.133267, 0.001, 0.873
874, 0.133118, 0.001, 0.874
875, 0.13297, 0.001, 0.875
876, 0.132823, 0.001, 0.876
877, 0.132679, 0.001, 0.877
878, 0.132538, 0.001, 0.878
879, 0.1324, 0.001, 0.879
880, 0.132265, 0.001, 0.88
881, 0.132131, 0.001, 0.881
882, 0.131997, 0.001, 0.882
883, 0.131865, 0.001, 0.883
884, 0.131734, 0.001, 0.884
885, 0.131607, 0.001, 0.885
886, 0.131483, 0.001, 0.886
887, 0.131361, 0.001, 0.887
888, 0.131239, 0.001, 0.888
889, 0.131117, 0.001, 0.889
890, 0.130995, 0.001, 0.89
891, 0.130877, 0.001, 0.891
892, 0.130761, 0.001, 0.892
893, 0.130649, 0.001, 0.893
894, 0.130537, 0.001, 0.894
895, 0.130425, 0.001, 0.895
896, 0.130312, 0.001, 0.896
897, 0.1302, 0.001, 0.897
898, 0.130091, 0.001, 0.898
899, 0.129985, 0.001, 0.899
900, 0.129882, 0.001, 0.9
901, 0.12978, 0.001, 0.901
902, 0.129676, 0.001, 0.902
903, 0.12957, 0.001, 0.903
904, 0.129466, 0.001, 0.904
905, 0.129365, 0.001, 0.905
906, 0.129268, 0.001, 0.906
907, 0.129173, 0.001, 0.907
908, 0.129079, 0.001, 0.908
909, 0.128981, 0.001, 0.909
910, 0.128881, 0.001, 0.91
911, 0.128784, 0.001, 0.911
912, 0.12869, 0.001, 0.912
913, 0.128599, 0.001, 0.913
914, 0.128512, 0.001, 0.914
915, 0.128424, 0.001, 0.915
916, 0.128332, 0.001, 0.916
917, 0.128238, 0.001, 0.917
918, 0.128146, 0.001, 0.918
919, 0.128058, 0.001, 0.919
920, 0.127974, 0.001, 0.92
921, 0.127893, 0.001, 0.921
922, 0.127811, 0.001, 0.922
923, 0.127722, 0.001, 0.923
924, 0.127633, 0.001, 0.924
925, 0.127546, 0.001, 0.925
926, 0.127463, 0.001, 0.926
927, 0.127385, 0.001, 0.927
928, 0.12731, 0.001, 0.928
929, 0.127232, 0.001, 0.929
930, 0.127148, 0.001, 0.93
931, 0.127063, 0.001, 0.931
932, 0.12698, 0.001, 0.932
933, 0.126902, 0.001, 0.933
934, 0.126829, 0.001, 0.934
935, 0.126759, 0.001, 0.935
936, 0.126685, 0.001, 0.936
937, 0.126605, 0.001, 0.937
938, 0.126523, 0.001, 0.938
939, 0.126445, 0.001, 0.939
940, 0.126371, 0.001, 0.94
941, 0.126303, 0.001, 0.941
942, 0.126237, 0.001, 0.942
943, 0.126167, 0.001, 0.943
944, 0.12609, 0.001, 0.944
945, 0.126012, 0.001, 0.945
946, 0.125937, 0.001, 0.946
947, 0.125867, 0.001, 0.947
948, 0.125803, 0.001, 0.948
949, 0.125742, 0.001, 0.949
950, 0.125675, 0.001, 0.95
951, 0.125601, 0.001, 0.951
952, 0.125526, 0.001, 0.952
953, 0.125455, 0.001, 0.953
954, 0.125389, 0.001, 0.954
955, 0.125329, 0.001, 0.955
956, 0.125272, 0.001, 0.956
957, 0.125208, 0.001, 0.957
958, 0.125136, 0.001, 0.958
959, 0.125064, 0.001, 0.959
960, 0.124996, 0.001, 0.96
961, 0.124934, 0.001, 0.961
962, 0.124878, 0.001, 0.962
963, 0.124825, 0.001, 0.963
964, 0.124762, 0.001, 0.964
965, 0.124693, 0.001, 0.965
966, 0.124624, 0.001, 0.966
967, 0.124559, 0.001, 0.967
968, 0.124501, 0.001, 0.968
969, 0.124449, 0.001, 0.969
970, 0.124398, 0.001, 0.97
971, 0.124337, 0.001, 0.971
972, 0.12427, 0.001, 0.972
973, 0.124204, 0.001, 0.973
974, 0.124143, 0.001, 0.974
975, 0.124088, 0.001, 0.975
976, 0.124039, 0.001, 0.976
977, 0.123991, 0.001, 0.977
978, 0.123931, 0.001, 0.978
979, 0.123866, 0.001, 0.979
980, 0.123803, 0.001, 0.98
981, 0.123745, 0.001, 0.981
982, 0.123693, 0.001, 0.982
983, 0.123648, 0.001, 0.983
984, 0.123601, 0.001, 0.984
985, 0.123541, 0.001, 0.985
986, 0.123479, 0.001, 0.986
987, 0.123418, 0.001, 0.987
988, 0.123363, 0.001, 0.988
989, 0.123315, 0.001, 0.989
990, 0.123272, 0.001, 0.99
991, 0.123226, 0.001, 0.991
992, 0.123168, 0.001, 0.992
993, 0.123107, 0.001, 0.993
994, 0.123049, 0.001, 0.994
995, 0.122997, 0.001, 0.995
996, 0.122952, 0.001, 0.996
997, 0.122912, 0.001, 0.997
998, 0.122865, 0.001, 0.998
999, 0.122808, 0.001, 0.999
1000, 0.122749, 0.001, 1
1001, 0.122694, 0.001, 1.001
1002, 0.122645, 0.001, 1.002
1003, 0.122603, 0.001, 1.003
1004, 0.122564, 0.001, 1.004
1005, 0.122517, 0.001, 1.005
1006, 0.12246, 0.001, 1.006
1007, 0.122404, 0.001, 1.007
1008, 0.122351, 0.001, 1.008
1009, 0.122305, 0.001, 1.009
1010, 0.122265, 0.001, 1.01
1011, 0.122228, 0.001, 1.011
1012, 0.122179, 0.001, 1.012
1013, 0.122124, 0.001, 1.013
1014, 0.122069, 0.001, 1.014
1015, 0.122019, 0.001, 1.015
1016, 0.121976, 0.001, 1.016
1017, 0.121939, 0.001, 1.017
1018, 0.121902, 0.001, 1.018
1019, 0.121852, 0.001, 1.019
1020, 0.121797, 0.001, 1.02
1021, 0.121745, 0.001, 1.021
1022, 0.121698, 0.001, 1.022
1023, 0.121657, 0.001, 1.023
1024, 0.121622, 0.001, 1.024
1025, 0.121584, 0.001, 1.025
1026, 0.121533, 0.001, 1.026
1027, 0.12148, 0.001, 1.027
1028, 0.12143, 0.001, 1.028
1029, 0.121385, 0.001, 1.029
1030, 0.121347, 0.001, 1.03
1031, 0.121314, 0.001, 1.031
1032, 0.121273, 0.001, 1.032
1033, 0.121222, 0.001, 1.033
1034, 0.12117, 0.001, 1.034
1035, 0.121122, 0.001, 1.035
1036, 0.12108, 0.001, 1.036
1037, 0.121044, 0.001, 1.037
1038, 0.121012, 0.001, 1.038
1039, 0.120968, 0.001, 1.039
1040, 0.120917, 0.001, 1.04
1041, 0.120868, 0.001, 1.041
1042, 0.120822, 0.001, 1.042
1043, 0.120782, 0.001, 1.043
1044, 0.120748, 0.001, 1.044
1045, 0.120715, 0.001, 1.045
1046, 0.120669, 0.001, 1.046
1047, 0.120619, 0.001, 1.047
1048, 0.120571, 0.001, 1.048
1049, 0.120527, 0.001, 1.049
1050, 0.120489, 0.001, 1.05
1051, 0.120457, 0.001, 1.051
1052, 0.120422, 0.001, 1.052
1053, 0.120374, 0.001, 1.053
1054, 0.120325, 0.001, 1.054
1055, 0.120279, 0.001, 1.055
1056, 0.120237, 0.001, 1.056
1057, 0.120202, 0.001, 1.057
1058, 0.12017, 0.001, 1.058
1059, 0.120131, 0.001, 1.059
1060, 0.120083, 0.001, 1.06
1061, 0.120035, 0.001, 1.061
1062, 0.119991, 0.001, 1.062
1063, 0.119951, 0.001, 1.063
1064, 0.119918, 0.001, 1.064
1065, 0.119886, 0.001, 1.065
1066, 0.119844, 0.001, 1.066
1067, 0.119796, 0.001, 1.067
1068, 0.119749, 0.001, 1.068
1069, 0.119706, 0.001, 1.069
1070, 0.119669, 0.001, 1.07
1071, 0.119636, 0.001, 1.071
1072, 0.119603, 0.001, 1.072
1073, 0.119558, 0.001, 1.073
1074, 0.11951, 0.001, 1.074
1075, 0.119465, 0.001, 1.075
1076, 0.119424, 0.001, 1.076
1077, 0.119388, 0.001, 1.077
1078, 0.119357, 0.001, 1.078
1079, 0.11932, 0.001, 1.079
1080, 0.119274, 0.001, 1.08
1081, 0.119227, 0.001, 1.081
1082, 0.119183, 0.001, 1.082
1083, 0.119143, 0.001, 1.083
1084, 0.119109, 0.001, 1.084
1085, 0.119078, 0.001, 1.085
1086, 0.119037, 0.001, 1.086
1087, 0.11899, 0.001, 1.087
1088, 0.118944, 0.001, 1.088
1089, 0.118902, 0.001, 1.089
1090, 0.118864, 0.001, 1.09
1091, 0.118831, 0.001, 1.091
1092, 0.118797, 0.001, 1.092
1093, 0.118753, 0.001, 1.093
1094, 0.118707, 0.001, 1.094
1095, 0.118662, 0.001, 1.095
1096, 0.118621, 0.001, 1.096
1097, 0.118584, 0.001, 1.097
1098, 0.118552, 0.001, 1.098
1099, 0.118515, 0.001, 1.099
1100, 0.118469, 0.001, 1.1
1101, 0.118423, 0.001, 1.101
1102, 0.118379, 0.001, 1.102
1103, 0.118339, 0.001, 1.103
1104, 0.118304, 0.001, 1.104
1105, 0.118271, 0.001, 1.105
1106, 0.11823, 0.001, 1.106
1107, 0.118184, 0.001, 1.107
1108, 0.118138, 0.001, 1.108
1109, 0.118096, 0.001, 1.109
1110, 0.118057, 0.001, 1.11
1111, 0.118023, 0.001, 1.111
1112, 0.117988, 0.001, 1.112
1113, 0.117944, 0.001, 1.113
1114, 0.117897, 0.001, 1.114
1115, 0.117853, 0.001, 1.115
1116, 0.117811, 0.001, 1.116
1117, 0.117774, 0.001, 1.117
1118, 0.11774, 0.001, 1.118
1119, 0.117701, 0.001, 1.119
1120, 0.117655, 0.001, 1.12
1121, 0.117609, 0.001, 1.121
1122, 0.117565, 0.001, 1.122
1123, 0.117525, 0.001, 1.123
1124, 0.117489, 0.001, 1.124
1125, 0.117453, 0.001, 1.125
1126, 0.11741, 0.001, 1.126
1127, 0.117364, 0.001, 1.127
1128, 0.117319, 0.001, 1.128
1129, 0.117276, 0.001, 1.129
1130, 0.117237, 0.001, 1.13
1131, 0.117201, 0.001, 1.131
1132, 0.117162, 0.001, 1.132
1133, 0.117117, 0.001, 1.133
1134, 0.11707, 0.001, 1.134
1135, 0.117026, 0.001, 1.135
1136, 0.116985, 0.001, 1.136
1137, 0.116946, 0.001, 1.137
1138, 0.116909, 0.001, 1.138
1139, 0.116867, 0.001, 1.139
1140, 0.11682, 0.001, 1.14
1141, 0.116775, 0.001, 1.141
1142, 0.116731, 0.001, 1.142
1143, 0.116691, 0.001, 1.143
1144, 0.116653, 0.001, 1.144
1145, 0.116613, 0.001, 1.145
1146, 0.116567, 0.001, 1.146
1147, 0.116521, 0.001, 1.147
1148, 0.116476, 0.001, 1.148
1149, 0.116434, 0.001, 1.149
1150, 0.116394, 0.001, 1.15
1151, 0.116355, 0.001, 1.151
1152, 0.116311, 0.001, 1.152
1153, 0.116265, 0.001, 1.153
1154, 0.116219, 0.001, 1.154
1155, 0.116175, 0.001, 1.155
1156, 0.116134, 0.001, 1.156
1157, 0.116094, 0.001, 1.157
1158, 0.116052, 0.001, 1.158
1159, 0.116006, 0.001, 1.159
1160, 0.115959, 0.001, 1.16
1161, 0.115915, 0.001, 1.161
1162, 0.115872, 0.001, 1.162
1163, 0.11583, 0.001, 1.163
1164, 0.115789, 0.001, 1.164
1165, 0.115744, 0.001, 1.165
1166, 0.115697, 0.001, 1.166
1167, 0.115651, 0.001, 1.167
1168, 0.115607, 0.001, 1.168
1169, 0.115565, 0.001, 1.169
1170, 0.115523, 0.001, 1.17
1171, 0.115478, 0.001, 1.171
1172, 0.115432, 0.001, 1.172
1173, 0.115386, 0.001, 1.173
1174, 0.115341, 0.001, 1.174
1175, 0.115297, 0.001, 1.175
1176, 0.115254, 0.001, 1.176
1177, 0.11521, 0.001, 1.177
1178, 0.115164, 0.001, 1.178
1179, 0.115117, 0.001, 1.179
1180, 0.115072, 0.001, 1.18
1181, 0.115027, 0.001, 1.181
1182, 0.114983, 0.001, 1.182
1183, 0.114939, 0.001, 1.183
1184, 0.114893, 0.001, 1.184
1185, 0.114846, 0.001, 1.185
1186, 0.1148, 0.001, 1.186
1187, 0.114755, 0.001, 1.187
1188, 0.11471, 0.001, 1.188
1189, 0.114666, 0.001, 1.189
1190, 0.114619, 0.001, 1.19
1191, 0.114572, 0.001, 1.191
1192, 0.114526, 0.001, 1.192
1193, 0.11448, 0.001, 1.193
1194, 0.114435, 0.001, 1.194
1195, 0.11439, 0.001, 1.195
1196, 0.114343, 0.001, 1.196
1197, 0.114297, 0.001, 1.197
1198, 0.11425, 0.001, 1.198
1199, 0.114204, 0.001, 1.199
1200, 0.114158, 0.001, 1.2
1201, 0.114112, 0.001, 1.201
1202, 0.114066, 0.001, 1.202
1203, 0.114019, 0.001, 1.203
1204, 0.113972, 0.001, 1.204
1205, 0.113926, 0.001, 1.205
1206, 0.113879, 0.001, 1.206
1207, 0.113833, 0.001, 1.207
1208, 0.113786, 0.001, 1.208
1209, 0.113739, 0.001, 1.209
1210, 0.113692, 0.001, 1.21
1211, 0.113646, 0.001, 1.211
1212, 0.113599, 0.001, 1.212
1213, 0.113552, 0.001, 1.213
1214, 0.113505, 0.001, 1.214
1215, 0.113458, 0.001, 1.215
1216, 0.113411, 0.001, 1.216
1217, 0.113364, 0.001, 1.217
1218, 0.113318, 0.001, 1.218
1219, 0.113271, 0.001, 1.219
1220, 0.113223, 0.001, 1.22
1221, 0.113176, 0.001, 1.221
1222, 0.113129, 0.001, 1.222
1223, 0.113082, 0.001, 1.223
1224, 0.113035, 0.001, 1.224
1225, 0.112988, 0.001, 1.225
1226, 0.112941, 0.001, 1.226
1227, 0.112894, 0.001, 1.227
1228, 0.112847, 0.001, 1.228
1229, 0.1128, 0.001, 1.229
1230, 0.112753, 0.001, 1.23
1231, 0.112706, 0.001, 1.231
1232, 0.112659, 0.001, 1.232
1233, 0.112611, 0.001, 1.233
1234, 0.112564, 0.001, 1.234
1235, 0.112517, 0.001, 1.235
1236, 0.11247, 0.001, 1.236
1237, 0.112423, 0.001, 1.237
1238, 0.112377, 0.001, 1.238
1239, 0.11233, 0.001, 1.239
1240, 0.112283, 0.001, 1.24
1241, 0.112236, 0.001, 1.241
1242, 0.112189, 0.001, 1.242
1243, 0.112142, 0.001, 1.243
1244, 0.112096, 0.001, 1.244
1245, 0.112049, 0.001, 1.245
1246, 0.112002, 0.001, 1.246
1247, 0.111956, 0.001, 1.247
1248, 0.111909, 0.001, 1.248
1249, 0.111863, 0.001, 1.249
1250, 0.111816, 0.001, 1.25
1251, 0.11177, 0.001, 1.251
1252, 0.111724, 0.001, 1.252
1253, 0.111677, 0.001, 1.253
1254, 0.111631, 0.001, 1.254
1255, 0.111585, 0.001, 1.255
1256, 0.111539, 0.001, 1.256
1257, 0.111493, 0.001, 1.257
1258, 0.111447, 0.001, 1.258
1259, 0.111401, 0.001, 1.259
1260, 0.111356, 0.001, 1.26
1261, 0.11131, 0.001, 1.261
1262, 0.111265, 0.001, 1.262
1263, 0.111219, 0.001, 1.263
1264, 0.111174, 0.001, 1.264
1265, 0.111129, 0.001, 1.265
1266, 0.111084, 0.001, 1.266
1267, 0.111039, 0.001, 1.267
1268, 0.110994, 0.001, 1.268
1269, 0.110949, 0.001, 1.269
1270, 0.110905, 0.001, 1.27
1271, 0.11086, 0.001, 1.271
1272, 0.110816, 0.001, 1.272
1273, 0.110772, 0.001, 1.273
1274, 0.110728, 0.001, 1.274
1275, 0.110684, 0.001, 1.275
1276, 0.11064, 0.001, 1.276
1277, 0.110596, 0.001, 1.277
1278, 0.110553, 0.001, 1.278
1279, 0.11051, 0.001, 1.279
1280, 0.110466, 0.001, 1.28
1281, 0.110423, 0.001, 1.281
1282, 0.11038, 0.001, 1.282
1283, 0.110338, 0.001, 1.283
1284, 0.110295, 0.001, 1.284
1285, 0.110253, 0.001, 1.285
1286, 0.11021, 0.001, 1.286
1287, 0.110168, 0.001, 1.287
1288, 0.110126, 0.001, 1.288
1289, 0.110084, 0.001, 1.289
1290, 0.110043, 0.001, 1.29
1291, 0.110001, 0.001, 1.291
1292, 0.10996, 0.001, 1.292
1293, 0.109919, 0.001, 1.293
1294, 0.109878, 0.001, 1.294
1295, 0.109837, 0.001, 1.295
1296, 0.109796, 0.001, 1.296
1297, 0.109756, 0.001, 1.297
1298, 0.109716, 0.001, 1.298
1299, 0.109676, 0.001, 1.299
1300, 0.109636, 0.001, 1.3
1301, 0.109596, 0.001, 1.301
1302, 0.109557, 0.001, 1.302
1303, 0.109517, 0.001, 1.303
1304, 0.109478, 0.001, 1.304
1305, 0.109439, 0.001, 1.305
1306, 0.1094, 0.001, 1.306
1307, 0.109362, 0.001, 1.307
1308, 0.109324, 0.001, 1.308
1309, 0.109285, 0.001, 1.309
1310, 0.109247, 0.001, 1.31
1311, 0.10921, 0.001, 1.311
1312, 0.109172, 0.001, 1.312
1313, 0.109135, 0.001, 1.313
1314, 0.109098, 0.001, 1.314
1315, 0.109061, 0.001, 1.315
1316, 0.109024, 0.001, 1.316
1317, 0.108988, 0.001, 1.317
1318, 0.108951, 0.001, 1.318
1319, 0.108915, 0.001, 1.319
1320, 0.108879, 0.001, 1.32
1321, 0.108844, 0.001, 1.321
1322, 0.108808, 0.001, 1.322
1323, 0.108773, 0.001, 1.323
1324, 0.108738, 0.001, 1.324
1325, 0.108703, 0.001, 1.325
1326, 0.108668, 0.001, 1.326
1327, 0.108633, 0.001, 1.327
1328, 0.108599, 0.001, 1.328
1329, 0.108565, 0.001, 1.329
1330, 0.108531, 0.001, 1.33
1331, 0.108497, 0.001, 1.331
1332, 0.108463, 0.001, 1.332
1333, 0.10843, 0.001, 1.333
1334, 0.108396, 0.001, 1.334
1335, 0.108363, 0.001, 1.335
1336, 0.10833, 0.001, 1.336
1337, 0.108297, 0.001, 1.337
1338, 0.108264, 0.001, 1.338
1339, 0.108231, 0.001, 1.339
1340, 0.108199, 0.001, 1.34
1341, 0.108166, 0.001, 1.341
1342, 0.108134, 0.001, 1.342
1343, 0.108102, 0.001, 1.343
1344, 0.10807, 0.001, 1.344
1345, 0.108037, 0.001, 1.345
1346, 0.108005, 0.001, 1.346
1347, 0.107974, 0.001, 1.347
1348, 0.107942, 0.001, 1.348
1349, 0.10791, 0.001, 1.349
1350, 0.107878, 0.001, 1.35
1351, 0.107846, 0.001, 1.351
1352, 0.107815, 0.001, 1.352
1353, 0.107783, 0.001, 1.353
1354, 0.107751, 0.001, 1.354
1355, 0.107719, 0.001, 1.355
1356, 0.107688, 0.001, 1.356
1357, 0.107656, 0.001, 1.357
1358, 0.107624, 0.001, 1.358
1359, 0.107592, 0.001, 1.359
1360, 0.10756, 0.001, 1.36
1361, 0.107528, 0.001, 1.361
1362, 0.107496, 0.001, 1.362
1363, 0.107464, 0.001, 1.363
1364, 0.107432, 0.001, 1.364
1365, 0.107399, 0.001, 1.365
1366, 0.107367, 0.001, 1.366
1367, 0.107334, 0.001, 1.367
1368, 0.107302, 0.001, 1.368
1369, 0.107269, 0.001, 1.369
1370, 0.107236, 0.001, 1.37
1371, 0.107202, 0.001, 1.371
1372, 0.107169, 0.001, 1.372
1373, 0.107135, 0.001, 1.373
1374, 0.107101, 0.001, 1.374
1375, 0.107067, 0.001, 1.375
1376, 0.107033, 0.001, 1.376
1377, 0.106998, 0.001, 1.377
1378, 0.106963, 0.001, 1.378
1379, 0.106928, 0.001, 1.379
1380, 0.106893, 0.001, 1.38
1381, 0.106857, 0.001, 1.381
1382, 0.106821, 0.001, 1.382
1383, 0.106785, 0.001, 1.383
1384, 0.106748, 0.001, 1.384
1385, 0.106712, 0.001, 1.385
1386, 0.106674, 0.001, 1.386
1387, 0.106637, 0.001, 1.387
1388, 0.106599, 0.001, 1.388
1389, 0.106561, 0.001, 1.389
1390, 0.106522, 0.001, 1.39
1391, 0.106483, 0.001, 1.391
1392, 0.106444, 0.001, 1.392
1393, 0.106404, 0.001, 1.393
1394, 0.106364, 0.001, 1.394
1395, 0.106323, 0.001, 1.395
1396, 0.106283, 0.001, 1.396
1397, 0.106241, 0.001, 1.397
1398, 0.1062, 0.001, 1.398
1399, 0.106158, 0.001, 1.399
1400, 0.106115, 0.001, 1.4
1401, 0.106072, 0.001, 1.401
1402, 0.106029, 0.001, 1.402
1403, 0.105986, 0.001, 1.403
1404, 0.105942, 0.001, 1.404
1405, 0.105897, 0.001, 1.405
1406, 0.105852, 0.001, 1.406
1407, 0.105807, 0.001, 1.407
1408, 0.105761, 0.001, 1.408
1409, 0.105715, 0.001, 1.409
1410, 0.105669, 0.001, 1.41
1411, 0.105622, 0.001, 1.411
1412, 0.105575, 0.001, 1.412
1413, 0.105527, 0.001, 1.413
1414, 0.105479, 0.001, 1.414
1415, 0.105431, 0.001, 1.415
1416, 0.105382, 0.001, 1.416
1417, 0.105333, 0.001, 1.417
1418, 0.105284, 0.001, 1.418
1419, 0.105234, 0.001, 1.419
1420, 0.105184, 0.001, 1.42
1421, 0.105133, 0.001, 1.421
1422, 0.105082, 0.001, 1.422
1423, 0.105031, 0.001, 1.423
1424, 0.10498, 0.001, 1.424
1425, 0.104928, 0.001, 1.425
1426, 0.104876, 0.001, 1.426
1427, 0.104824, 0.001, 1.427
1428, 0.104771, 0.001, 1.428
1429, 0.104718, 0.001, 1.429
1430, 0.104665, 0.001, 1.43
1431, 0.104612, 0.001, 1.431
1432, 0.104558, 0.001, 1.432
1433, 0.104504, 0.001, 1.433
1434, 0.10445, 0.001, 1.434
1435, 0.104396, 0.001, 1.435
1436, 0.104341, 0.001, 1.436
1437, 0.104287, 0.001, 1.437
1438, 0.104232, 0.001, 1.438
1439, 0.104177, 0.001, 1.439
1440, 0.104122, 0.001, 1.44
1441, 0.104068, 0.001, 1.441
1442, 0.104013, 0.001, 1.442
1443, 0.103958, 0.001, 1.443
1444, 0.103903, 0.001, 1.444
1445, 0.103848, 0.001, 1.445
1446, 0.103793, 0.001, 1.446
1447, 0.103739, 0.001, 1.447
1448, 0.103685, 0.001, 1.448
1449, 0.103632, 0.001, 1.449
1450, 0.103579, 0.001, 1.45
1451, 0.103526, 0.001, 1.451
1452, 0.103475, 0.001, 1.452
1453, 0.103424, 0.001, 1.453
1454, 0.103375, 0.001, 1.454
1455, 0.103328, 0.001, 1.455
1456, 0.103282, 0.001, 1.456
1457, 0.103239, 0.001, 1.457
1458, 0.103198, 0.001, 1.458
1459, 0.10316, 0.001, 1.459
1460, 0.103126, 0.001, 1.46
1461, 0.103097, 0.001, 1.461
1462, 0.103073, 0.001, 1.462
1463, 0.103056, 0.001, 1.463
1464, 0.103046, 0.001, 1.464
1465, 0.103045, 0.001, 1.465
1466, 0.103054, 0.001, 1.466
1467, 0.103076, 0.001, 1.467
1468, 0.103112, 0.001, 1.468
1469, 0.103164, 0.001, 1.469
1470, 0.103235, 0.001, 1.47
1471, 0.103329, 0.001, 1.471
1472, 0.103448, 0.001, 1.472
1473, 0.103596, 0.001, 1.473
1474, 0.103777, 0.001, 1.474
1475, 0.103996, 0.001, 1.475
1476, 0.104256, 0.001, 1.476
1477, 0.104564, 0.001, 1.477
1478, 0.104925, 0.001, 1.478
1479, 0.105343, 0.001, 1.479
1480, 0.105824, 0.001, 1.48
1481, 0.106373, 0.001, 1.481
1482, 0.106995, 0.001, 1.482
1483, 0.107694, 0.001, 1.483
1484, 0.108474, 0.001, 1.484
1485, 0.109336, 0.001, 1.485
1486, 0.110283, 0.001, 1.486
1487, 0.111313, 0.001, 1.487
1488, 0.112424, 0.001, 1.488
1489, 0.113613, 0.001, 1.489
1490, 0.114873, 0.001, 1.49
1491, 0.116196, 0.001, 1.491
1492, 0.117572, 0.001, 1.492
1493, 0.118989, 0.001, 1.493
1494, 0.120433, 0.001, 1.494
1495, 0.121888, 0.001, 1.495
1496, 0.123338, 0.001, 1.496
1497, 0.124766, 0.001, 1.497
1498, 0.126155, 0.001, 1.498
1499, 0.127487, 0.001, 1.499
1500, 0.128745, 0.001, 1.5
