No, norma, norm_delta_time, elapsed_time
0, 44.9576, 0.00260116, 0
1, 4.23759, 0.00260116, 0.00260116
2, 4.23759, 0.00260116, 0.00260116
3, 3.67547, 0.00262584, 0.005227
4, 3.35459, 0.00265595, 0.00788294
5, 3.11142, 0.0026687, 0.0105516
6, 2.93213, 0.00268894, 0.0132406
7, 2.78714, 0.00270687, 0.0159474
8, 2.66491, 0.00272167, 0.0186691
9, 2.56028, 0.00273504, 0.0214041
10, 2.47193, 0.00275079, 0.0241549
11, 2.39842, 0.00277149, 0.0269264
12, 2.33007, 0.0027885, 0.0297149
13, 2.27094, 0.00280854, 0.0325235
14, 2.21524, 0.00282587, 0.0353493
15, 2.16418, 0.00284301, 0.0381923
16, 2.11631, 0.00285889, 0.0410512
17, 2.07138, 0.00287383, 0.0439251
18, 2.02854, 0.00288717, 0.0468122
19, 1.98779, 0.00289932, 0.0497116
20, 1.94951, 0.00291128, 0.0526228
21, 1.91369, 0.00292348, 0.0555463
22, 1.87916, 0.00293442, 0.0584807
23, 1.84602, 0.00294452, 0.0614253
24, 1.81496, 0.00295516, 0.0643804
25, 1.78562, 0.00296605, 0.0673465
26, 1.75652, 0.00297487, 0.0703213
27, 1.72921, 0.00298442, 0.0733057
28, 1.70368, 0.00299496, 0.0763007
29, 1.67795, 0.00300309, 0.0793038
30, 1.65365, 0.00301184, 0.0823156
31, 1.63092, 0.00302168, 0.0853373
32, 1.60811, 0.00302964, 0.088367
33, 1.5863, 0.0030378, 0.0914048
34, 1.56588, 0.0030471, 0.0944519
35, 1.54543, 0.00305485, 0.0975067
36, 1.5257, 0.00306257, 0.100569
37, 1.50722, 0.00307146, 0.103641
38, 1.48869, 0.00307895, 0.10672
39, 1.47074, 0.00308634, 0.109806
40, 1.45391, 0.00309492, 0.112901
41, 1.43697, 0.00310211, 0.116003
42, 1.42054, 0.00310926, 0.119112
43, 1.40514, 0.0031176, 0.12223
44, 1.38954, 0.00312448, 0.125354
45, 1.37444, 0.00313143, 0.128486
46, 1.36028, 0.00313959, 0.131625
47, 1.34583, 0.00314614, 0.134772
48, 1.33189, 0.00315295, 0.137925
49, 1.31882, 0.00316098, 0.141086
50, 1.30536, 0.00316717, 0.144253
51, 1.2925, 0.00317388, 0.147427
52, 1.28053, 0.00318181, 0.150608
53, 1.26828, 0.00318764, 0.153796
54, 1.2573, 0.00319429, 0.15699
55, 1.24858, 0.00320207, 0.160192
56, 1.24272, 0.0032076, 0.1634
57, 1.24442, 0.00321421, 0.166614
58, 1.25858, 0.00322159, 0.169836
59, 1.28895, 0.00322711, 0.173063
60, 1.33692, 0.00323373, 0.176297
61, 1.39424, 0.00324074, 0.179537
62, 1.44579, 0.00324654, 0.182784
63, 1.47866, 0.00325455, 0.186038
64, 1.4836, 0.00326215, 0.189301
65, 1.46157, 0.00327372, 0.192574
66, 1.41688, 0.00328877, 0.195863
67, 1.35647, 0.0033072, 0.19917
68, 1.28776, 0.0033293, 0.2025
69, 1.21736, 0.00335575, 0.205855
70, 1.14948, 0.00338413, 0.209239
71, 1.08725, 0.00341267, 0.212652
72, 1.03435, 0.00344584, 0.216098
73, 0.990212, 0.00347821, 0.219576
74, 0.955743, 0.00351215, 0.223088
75, 0.930845, 0.00354946, 0.226638
76, 0.912961, 0.00358416, 0.230222
77, 0.903058, 0.00362463, 0.233847
78, 0.897314, 0.00366075, 0.237507
79, 0.896996, 0.00370224, 0.24121
80, 0.89919, 0.00374139, 0.244951
81, 0.904557, 0.00378436, 0.248735
82, 0.911113, 0.0038259, 0.252561
83, 0.919466, 0.00387092, 0.256432
84, 0.927984, 0.00391433, 0.260346
85, 0.93787, 0.0039621, 0.264309
86, 0.94704, 0.00400693, 0.268315
87, 0.957329, 0.0040577, 0.272373
88, 0.966438, 0.00410423, 0.276477
89, 0.976472, 0.00415599, 0.280633
90, 0.985704, 0.00420709, 0.28484
91, 0.994775, 0.00425961, 0.2891
92, 1.00461, 0.00431687, 0.293417
93, 1.01289, 0.00437, 0.297787
94, 1.01675, 0.0044069, 0.302194
95, 1.00449, 0.0043739, 0.306568
96, 0.993815, 0.00434747, 0.310915
97, 0.981732, 0.00431495, 0.31523
98, 0.97099, 0.0042895, 0.31952
99, 0.959185, 0.00425955, 0.323779
100, 0.948336, 0.00423345, 0.328013
101, 0.937523, 0.0042072, 0.33222
102, 0.926478, 0.00418031, 0.3364
103, 0.91627, 0.00415761, 0.340558
104, 0.905093, 0.00413012, 0.344688
105, 0.89499, 0.00410709, 0.348795
106, 0.884642, 0.00408261, 0.352878
107, 0.874317, 0.00405827, 0.356936
108, 0.864779, 0.00403751, 0.360973
109, 0.854349, 0.00401206, 0.364985
110, 0.844753, 0.00399005, 0.368976
111, 0.83532, 0.00396837, 0.372944
112, 0.82562, 0.00394502, 0.376889
113, 0.816639, 0.00392476, 0.380814
114, 0.807358, 0.00390254, 0.384716
115, 0.798315, 0.00388091, 0.388597
116, 0.790013, 0.00386234, 0.392459
117, 0.781031, 0.00383984, 0.396299
118, 0.7727, 0.00381994, 0.400119
119, 0.764763, 0.00380141, 0.403921
120, 0.756468, 0.00378044, 0.407701
121, 0.748872, 0.00376233, 0.411463
122, 0.741305, 0.00374371, 0.415207
123, 0.733788, 0.00372467, 0.418932
124, 0.72698, 0.0037086, 0.42264
125, 0.71979, 0.0036899, 0.42633
126, 0.713075, 0.003673, 0.430003
127, 0.706818, 0.00365786, 0.433661
128, 0.700224, 0.00364035, 0.437302
129, 0.694303, 0.00362579, 0.440927
130, 0.688348, 0.00361051, 0.444538
131, 0.682536, 0.00359546, 0.448133
132, 0.677353, 0.0035833, 0.451717
133, 0.671659, 0.003568, 0.455285
134, 0.666597, 0.00355571, 0.45884
135, 0.661568, 0.00354326, 0.462384
136, 0.656595, 0.00353083, 0.465914
137, 0.652159, 0.00352108, 0.469435
138, 0.647281, 0.00350872, 0.472944
139, 0.643005, 0.00349949, 0.476444
140, 0.638571, 0.00348924, 0.479933
141, 0.634378, 0.0034802, 0.483413
142, 0.630399, 0.00347226, 0.486885
143, 0.626305, 0.00346358, 0.490349
144, 0.622718, 0.00345765, 0.493807
145, 0.618744, 0.00344949, 0.497256
146, 0.615356, 0.00344453, 0.500701
147, 0.611663, 0.00343777, 0.504138
148, 0.608402, 0.00343337, 0.507572
149, 0.605041, 0.00342831, 0.511
150, 0.601922, 0.00342454, 0.514425
151, 0.598853, 0.00342097, 0.517846
152, 0.595884, 0.00341787, 0.521263
153, 0.593072, 0.0034156, 0.524679
154, 0.590249, 0.00341319, 0.528092
155, 0.587659, 0.00341207, 0.531504
156, 0.584972, 0.00341034, 0.534915
157, 0.582568, 0.00341025, 0.538325
158, 0.579996, 0.00340915, 0.541734
159, 0.577746, 0.00340997, 0.545144
160, 0.575266, 0.00340946, 0.548553
161, 0.573139, 0.00341111, 0.551965
162, 0.570727, 0.00341113, 0.555376
163, 0.568655, 0.00341328, 0.558789
164, 0.566335, 0.00341402, 0.562203
165, 0.564275, 0.00341645, 0.565619
166, 0.562054, 0.00341801, 0.569037
167, 0.559998, 0.00342067, 0.572458
168, 0.557867, 0.00342297, 0.575881
169, 0.55581, 0.00342581, 0.579307
170, 0.553764, 0.00342879, 0.582736
171, 0.551708, 0.00343176, 0.586167
172, 0.549748, 0.00343537, 0.589603
173, 0.547695, 0.00343841, 0.593041
174, 0.545825, 0.0034426, 0.596484
175, 0.543779, 0.00344565, 0.59993
176, 0.541916, 0.00344982, 0.603379
177, 0.539966, 0.00345338, 0.606833
178, 0.538094, 0.00345736, 0.61029
179, 0.536257, 0.00346148, 0.613752
180, 0.534375, 0.0034652, 0.617217
181, 0.532631, 0.00346972, 0.620686
182, 0.530753, 0.00347325, 0.62416
183, 0.528975, 0.00347732, 0.627637
184, 0.527217, 0.0034814, 0.631118
185, 0.525399, 0.00348497, 0.634603
186, 0.523673, 0.00348903, 0.638092
187, 0.52189, 0.0034926, 0.641585
188, 0.5201, 0.003496, 0.645081
189, 0.518382, 0.00349979, 0.648581
190, 0.516577, 0.00350287, 0.652084
191, 0.514779, 0.00350588, 0.65559
192, 0.513042, 0.00350921, 0.659099
193, 0.511221, 0.00351184, 0.662611
194, 0.509399, 0.00351434, 0.666125
195, 0.507636, 0.00351713, 0.669642
196, 0.505809, 0.00351934, 0.673161
197, 0.503966, 0.0035213, 0.676683
198, 0.502195, 0.00352361, 0.680206
199, 0.500372, 0.0035254, 0.683732
200, 0.498535, 0.00352691, 0.687259
201, 0.496786, 0.00352885, 0.690788
202, 0.494982, 0.0035302, 0.694318
203, 0.493187, 0.0035314, 0.697849
204, 0.4915, 0.00353314, 0.701382
205, 0.489724, 0.00353401, 0.704916
206, 0.488009, 0.00353507, 0.708451
207, 0.486409, 0.0035367, 0.711988
208, 0.484681, 0.00353713, 0.715525
209, 0.483078, 0.0035382, 0.719063
210, 0.481523, 0.00353934, 0.722603
211, 0.479922, 0.00353983, 0.726143
212, 0.478466, 0.00354105, 0.729684
213, 0.47698, 0.00354165, 0.733225
214, 0.475573, 0.00354234, 0.736768
215, 0.474349, 0.00354368, 0.740311
216, 0.473114, 0.00354389, 0.743855
217, 0.4722, 0.00354488, 0.7474
218, 0.471605, 0.00354571, 0.750946
219, 0.471507, 0.00354626, 0.754492
220, 0.472339, 0.00354768, 0.75804
221, 0.474227, 0.00354798, 0.761588
222, 0.477906, 0.003549, 0.765137
223, 0.483822, 0.00355005, 0.768687
224, 0.492395, 0.00355075, 0.772237
225, 0.504026, 0.00355238, 0.77579
226, 0.518215, 0.00355294, 0.779343
227, 0.534417, 0.00355434, 0.782897
228, 0.551136, 0.00355566, 0.786453
229, 0.566678, 0.00355702, 0.79001
230, 0.579425, 0.00355909, 0.793569
231, 0.587846, 0.0035609, 0.79713
232, 0.591335, 0.00356393, 0.800694
233, 0.589597, 0.00356762, 0.804261
234, 0.583009, 0.00357228, 0.807834
235, 0.572429, 0.0035788, 0.811412
236, 0.558792, 0.0035871, 0.815
237, 0.543121, 0.00359718, 0.818597
238, 0.52641, 0.00360914, 0.822206
239, 0.50955, 0.00362312, 0.825829
240, 0.493099, 0.00363794, 0.829467
241, 0.477613, 0.00365357, 0.83312
242, 0.463623, 0.00367119, 0.836792
243, 0.451143, 0.00368906, 0.840481
244, 0.440319, 0.00370751, 0.844188
245, 0.431279, 0.00372764, 0.847916
246, 0.423627, 0.00374663, 0.851662
247, 0.417616, 0.00376781, 0.85543
248, 0.4127, 0.00378761, 0.859218
249, 0.409064, 0.00380918, 0.863027
250, 0.406261, 0.00382987, 0.866857
251, 0.40437, 0.0038518, 0.870709
252, 0.403056, 0.00387306, 0.874582
253, 0.402378, 0.00389535, 0.878477
254, 0.402057, 0.00391694, 0.882394
255, 0.402192, 0.0039396, 0.886334
256, 0.402506, 0.00396132, 0.890295
257, 0.403177, 0.0039844, 0.894279
258, 0.40388, 0.00400607, 0.898285
259, 0.404909, 0.00402962, 0.902315
260, 0.405839, 0.00405113, 0.906366
261, 0.407037, 0.00407446, 0.910441
262, 0.408172, 0.00409649, 0.914537
263, 0.409457, 0.00411958, 0.918657
264, 0.410734, 0.00414222, 0.922799
265, 0.412072, 0.0041651, 0.926964
266, 0.413467, 0.00418848, 0.931153
267, 0.41481, 0.00421121, 0.935364
268, 0.416328, 0.00423547, 0.939599
269, 0.417683, 0.0042582, 0.943857
270, 0.419233, 0.00428297, 0.94814
271, 0.420675, 0.00430638, 0.952447
272, 0.422265, 0.00433155, 0.956778
273, 0.423782, 0.00435617, 0.961135
274, 0.425441, 0.00438195, 0.965516
275, 0.427097, 0.004408, 0.969924
276, 0.428774, 0.0044346, 0.974359
277, 0.430595, 0.00446235, 0.978821
278, 0.432378, 0.00448997, 0.983311
279, 0.434316, 0.00451974, 0.987831
280, 0.435401, 0.00454026, 0.992371
281, 0.434155, 0.00453614, 0.996908
282, 0.432747, 0.00453063, 1.00144
283, 0.431521, 0.0045266, 1.00596
284, 0.430214, 0.00452104, 1.01049
285, 0.428982, 0.00451663, 1.015
286, 0.427669, 0.0045113, 1.01951
287, 0.42646, 0.00450631, 1.02402
288, 0.425236, 0.00450131, 1.02852
289, 0.423924, 0.00449565, 1.03302
290, 0.422735, 0.00449066, 1.03751
291, 0.421473, 0.00448469, 1.04199
292, 0.420186, 0.00447894, 1.04647
293, 0.41896, 0.00447347, 1.05094
294, 0.417692, 0.00446704, 1.05541
295, 0.41644, 0.00446131, 1.05987
296, 0.415149, 0.00445511, 1.06433
297, 0.413913, 0.00444886, 1.06878
298, 0.412703, 0.00444328, 1.07322
299, 0.411379, 0.00443667, 1.07766
300, 0.410203, 0.0044311, 1.08209
301, 0.40896, 0.00442488, 1.08651
302, 0.407727, 0.0044192, 1.09093
303, 0.406541, 0.00441362, 1.09535
304, 0.405368, 0.00440801, 1.09975
305, 0.404207, 0.00440304, 1.10416
306, 0.403024, 0.00439763, 1.10855
307, 0.401964, 0.00439322, 1.11295
308, 0.400804, 0.00438816, 1.11734
309, 0.399746, 0.00438427, 1.12172
310, 0.398661, 0.00437967, 1.1261
311, 0.397659, 0.00437624, 1.13048
312, 0.39658, 0.0043722, 1.13485
313, 0.395623, 0.00436919, 1.13922
314, 0.39463, 0.00436577, 1.14358
315, 0.393677, 0.00436313, 1.14795
316, 0.392727, 0.00436038, 1.15231
317, 0.391831, 0.00435806, 1.15666
318, 0.390938, 0.004356, 1.16102
319, 0.390041, 0.00435396, 1.16537
320, 0.389217, 0.00435259, 1.16973
321, 0.388357, 0.0043508, 1.17408
322, 0.387573, 0.00435004, 1.17843
323, 0.386723, 0.0043485, 1.18278
324, 0.385965, 0.0043479, 1.18712
325, 0.385178, 0.004347, 1.19147
326, 0.384421, 0.00434653, 1.19582
327, 0.38368, 0.00434621, 1.20016
328, 0.382939, 0.00434585, 1.20451
329, 0.382248, 0.00434604, 1.20886
330, 0.381513, 0.00434576, 1.2132
331, 0.380841, 0.0043462, 1.21755
332, 0.380132, 0.00434618, 1.22189
333, 0.379468, 0.00434666, 1.22624
334, 0.378794, 0.004347, 1.23059
335, 0.378137, 0.00434751, 1.23494
336, 0.37749, 0.00434812, 1.23928
337, 0.376842, 0.00434867, 1.24363
338, 0.376214, 0.00434943, 1.24798
339, 0.375577, 0.00435003, 1.25233
340, 0.374963, 0.00435085, 1.25668
341, 0.374339, 0.0043515, 1.26103
342, 0.373732, 0.00435228, 1.26539
343, 0.373125, 0.004353, 1.26974
344, 0.372519, 0.00435365, 1.27409
345, 0.37193, 0.00435443, 1.27845
346, 0.371321, 0.00435487, 1.2828
347, 0.370718, 0.00435531, 1.28716
348, 0.370115, 0.00435562, 1.29151
349, 0.3695, 0.00435569, 1.29587
350, 0.368866, 0.0043554, 1.30022
351, 0.368205, 0.00435467, 1.30458
352, 0.367511, 0.00435342, 1.30893
353, 0.366767, 0.00435141, 1.31328
354, 0.365975, 0.0043487, 1.31763
355, 0.365146, 0.00434539, 1.32198
356, 0.364283, 0.00434152, 1.32632
357, 0.363391, 0.00433715, 1.33066
358, 0.362476, 0.00433236, 1.33499
359, 0.361545, 0.00432726, 1.33932
360, 0.360608, 0.00432195, 1.34364
361, 0.359632, 0.00431607, 1.34795
362, 0.358641, 0.00430992, 1.35226
363, 0.357654, 0.00430376, 1.35657
364, 0.356682, 0.00429773, 1.36087
365, 0.355708, 0.00429166, 1.36516
366, 0.354688, 0.00428504, 1.36944
367, 0.353693, 0.00427876, 1.37372
368, 0.352732, 0.00427297, 1.37799
369, 0.351714, 0.00426658, 1.38226
370, 0.350707, 0.00426045, 1.38652
371, 0.349743, 0.004255, 1.39078
372, 0.348729, 0.0042491, 1.39503
373, 0.347718, 0.00424346, 1.39927
374, 0.34676, 0.00423866, 1.40351
375, 0.345727, 0.00423319, 1.40774
376, 0.344724, 0.00422832, 1.41197
377, 0.34376, 0.00422417, 1.41619
378, 0.342717, 0.00421928, 1.42041
379, 0.341737, 0.00421538, 1.42463
380, 0.340743, 0.0042115, 1.42884
381, 0.339741, 0.00420763, 1.43305
382, 0.33882, 0.00420481, 1.43725
383, 0.337835, 0.00420109, 1.44145
384, 0.33695, 0.00419831, 1.44565
385, 0.336125, 0.00419567, 1.44985
386, 0.335375, 0.00419294, 1.45404
387, 0.334843, 0.00419125, 1.45823
388, 0.334438, 0.00418859, 1.46242
389, 0.334412, 0.00418692, 1.46661
390, 0.334808, 0.00418518, 1.47079
391, 0.3358, 0.00418351, 1.47498
392, 0.337628, 0.00418258, 1.47916
393, 0.34038, 0.00418093, 1.48334
394, 0.344383, 0.00418025, 1.48752
395, 0.349655, 0.00417909, 1.4917
396, 0.356301, 0.0041784, 1.49588
397, 0.364171, 0.00417793, 1.50005
