1 1 0.95 0.9 0.85 0.8 0.75 0.7 0.65 0.6 0.55 0.5 0.45 0.4 0.35 0.3 0.25 0.2 0.15 0.1 0.05 0 -0.05 -0.1 -0.15 -0.2 -0.25 -0.3 -0.35 -0.4 -0.45 -0.5 -0.55 -0.6 -0.65 -0.7 -0.75 -0.8 -0.85 -0.9 -0.95 -1 -1 
1 1 1.01497 0.9405 0.88825 0.836 0.78375 0.7315 0.67925 0.627 0.57475 0.5225 0.47025 0.418 0.36575 0.3135 0.26125 0.209 0.15675 0.1045 0.05225 -3.70797e-18 -0.05225 -0.1045 -0.15675 -0.209 -0.26125 -0.3135 -0.36575 -0.418 -0.47025 -0.5225 -0.57475 -0.627 -0.67925 -0.7315 -0.78375 -0.836 -0.88825 -0.9405 -1.01497 -1 -1 
1 1 1.0016 1.0355 0.920451 0.874733 0.820062 0.765391 0.710721 0.65605 0.601379 0.546708 0.492037 0.437367 0.382696 0.328025 0.273354 0.218683 0.164012 0.109342 0.0546708 -7.07284e-18 -0.0546708 -0.109342 -0.164012 -0.218683 -0.273354 -0.328025 -0.382696 -0.437367 -0.492037 -0.546708 -0.601379 -0.65605 -0.710721 -0.765391 -0.820062 -0.874733 -0.920451 -1.04024 -0.996858 -1 -1 
1 1 1.00018 1.00566 1.06218 0.880167 0.864907 0.801595 0.744338 0.687081 0.629824 0.572568 0.515311 0.458054 0.400797 0.343541 0.286284 0.229027 0.17177 0.114514 0.0572568 -1.02153e-17 -0.0572568 -0.114514 -0.17177 -0.229027 -0.286284 -0.343541 -0.400797 -0.458054 -0.515311 -0.572568 -0.629824 -0.687081 -0.744338 -0.801595 -0.862142 -0.881165 -1.07568 -0.99453 -0.999572 -1 -1 
1 1 1.00003 1.00084 1.01351 1.09161 0.813823 0.865217 0.778042 0.719996 0.659997 0.599997 0.539997 0.479998 0.419998 0.359998 0.299998 0.239999 0.179999 0.119999 0.0599997 -1.32995e-17 -0.0599997 -0.119999 -0.179999 -0.239999 -0.299998 -0.359998 -0.419998 -0.479998 -0.539997 -0.599997 -0.659997 -0.719996 -0.778933 -0.857202 -0.814724 -1.11172 -1.00182 -0.998736 -0.99993 -1 -1 
1 1 1 1.00016 1.00236 1.0259 1.02808 0.830288 0.862712 0.744555 0.69313 0.629141 0.566227 0.503312 0.440398 0.377484 0.31457 0.251656 0.188742 0.125828 0.0629141 -1.68543e-17 -0.0629141 -0.125828 -0.188742 -0.251656 -0.31457 -0.377484 -0.440398 -0.503312 -0.566227 -0.629141 -0.692352 -0.748522 -0.866028 -0.817253 -1.04632 -1.0177 -0.998841 -1.00018 -0.999987 -1 -1 
1 1 1 1.00002 1.00038 0.995006 1.0366 0.98837 0.839103 0.862566 0.700728 0.670268 0.596592 0.53055 0.464231 0.397912 0.331594 0.265275 0.198956 0.132637 0.0663187 -2.17037e-17 -0.0663187 -0.132637 -0.198956 -0.265275 -0.331594 -0.397912 -0.464231 -0.53055 -0.596792 -0.665429 -0.707128 -0.875203 -0.821975 -1.00085 -1.02091 -1.00077 -1.00057 -1.00001 -0.999998 -1 -1 
1 1 1 1 1.00007 0.999663 0.999917 1.03743 0.95086 0.845234 0.856946 0.645656 0.651956 0.559051 0.49108 0.420824 0.350687 0.280549 0.210412 0.140275 0.0701373 -2.74458e-17 -0.0701373 -0.140275 -0.210412 -0.280549 -0.350687 -0.420824 -0.490978 -0.560478 -0.640223 -0.653196 -0.876144 -0.830951 -0.963516 -1.02743 -0.994259 -1.00084 -0.999847 -0.999997 -1 -1 -1 
1 1 1 1 1.00001 1.00002 0.999696 1.00428 1.05424 0.898809 0.848298 0.78337 0.64841 0.629446 0.513987 0.447365 0.372005 0.29762 0.223215 0.14881 0.0744049 -3.46883e-17 -0.0744049 -0.14881 -0.223215 -0.29762 -0.372022 -0.446568 -0.518252 -0.617583 -0.592849 -0.859873 -0.841679 -0.934137 -1.03362 -0.983437 -0.999955 -0.999979 -0.999977 -1 -1 -1 -1 
1 1 1 1 0.999997 1.00002 0.999969 1.00018 1.01052 1.08544 0.842977 0.824868 0.75596 0.605217 0.593412 0.461671 0.398845 0.316378 0.237398 0.158262 0.079131 -4.17227e-17 -0.079131 -0.158262 -0.237393 -0.316503 -0.396222 -0.468261 -0.592071 -0.600064 -0.758428 -0.846659 -0.911762 -1.0385 -0.969605 -0.997422 -0.999976 -0.999977 -0.999997 -1 -1 -1 -1 
1 1 1 1 1 1 1.00001 1 1.0013 1.02094 1.11546 0.760372 0.809265 0.715982 0.56407 0.542453 0.405519 0.343266 0.252532 0.168672 0.0843228 -4.94539e-17 -0.084323 -0.168648 -0.252895 -0.338647 -0.410807 -0.543994 -0.560363 -0.724655 -0.796126 -0.870289 -1.07585 -0.965776 -0.992289 -0.999537 -0.999969 -1 -0.999999 -1 -1 -1 -1 
1 1 1 1 1 1 1 1.00001 1.00022 1.00327 1.03568 1.02909 0.778305 0.789595 0.658544 0.520607 0.477652 0.347291 0.277023 0.179481 0.0901114 -4.25257e-07 -0.0900641 -0.179984 -0.272188 -0.349359 -0.480455 -0.518807 -0.677873 -0.747315 -0.803655 -1.11466 -0.967794 -0.986719 -0.997939 -1.00005 -1.00001 -0.999999 -1 -1 -1 -1 -1 
1 1 1 1 1 1 1 1 1.00004 1.00069 1.00912 1.03465 0.961217 0.782449 0.766697 0.581803 0.470602 0.404559 0.283574 0.198162 0.0961621 2.49199e-05 -0.096479 -0.194959 -0.282495 -0.405704 -0.469492 -0.621862 -0.705704 -0.708126 -1.1477 -0.979146 -0.982727 -0.99486 -1.0005 -1 -1 -1 -1 -1 -1 -1 -1 
1 1 1 1 1 1 1 1 1.00001 1.00016 1.0014 1.01529 1.02996 0.9451 0.724956 0.717986 0.496967 0.413506 0.322643 0.207334 0.105703 -5.72851e-05 -0.104664 -0.205023 -0.320892 -0.408828 -0.552028 -0.673271 -0.60461 -1.13151 -1.00672 -0.981901 -0.991486 -1.00012 -0.999914 -1 -1 -1 -1 -1 -1 -1 -1 
1 1 1 1 1 1 1 1 1 1.00004 1.00038 0.998858 1.02336 1.02395 0.917635 0.663396 0.642524 0.416924 0.345899 0.231146 0.113327 4.84701e-05 -0.112088 -0.228227 -0.334311 -0.468999 -0.645758 -0.619523 -0.968407 -1.02539 -0.983358 -0.993157 -0.998405 -0.999875 -0.999983 -1 -1 -1 -1 -1 -1 -1 -1 
1 1 1 1 1 1 1 1 1 1.00001 1.00008 1.00019 0.990544 1.03449 1.02591 0.889039 0.588104 0.556965 0.340443 0.263712 0.125508 6.74868e-05 -0.124558 -0.245754 -0.373036 -0.58771 -0.625481 -0.862651 -1.03738 -0.969227 -0.991858 -0.9971 -1.00029 -1.00001 -1.00001 -1 -1 -1 -1 -1 -1 -1 -1 
1 1 1 1 1 1 1 1 1 1 0.999994 1.00011 0.998876 0.995887 1.03382 1.02608 0.824296 0.506561 0.450543 0.261606 0.149618 -0.000326961 -0.13717 -0.263185 -0.485393 -0.554993 -0.826502 -1.04817 -0.946884 -0.988479 -0.995001 -1.00136 -0.999926 -1.00001 -0.999998 -1 -1 -1 -1 -1 -1 -1 -1 
1 1 1 1 1 1 1 1 1 1 1 1.00001 1.00016 0.998227 1.00077 1.03306 1.02805 0.702783 0.41848 0.333577 0.156622 0.00230072 -0.144738 -0.346349 -0.467758 -0.752991 -1.0714 -0.914739 -0.981445 -0.99132 -1.00379 -0.99951 -0.999997 -1 -1 -1 -1 -1 -1 -1 -1 -1 -1 
1 1 1 1 1 1 1 1 1 1 1 1 1.00004 0.999849 0.99855 1.00556 1.03242 1.02411 0.508953 0.324445 0.195875 0.00344046 -0.182254 -0.352425 -0.620566 -1.10313 -0.875493 -0.967865 -0.984452 -1.00837 -0.998759 -0.999919 -0.999999 -1 -1 -1 -1 -1 -1 -1 -1 -1 -1 
1 1 1 1 1 1 1 1 1 1 1 1 1.00001 1.00001 0.999598 0.999079 1.01084 1.03114 0.910957 0.328229 0.208328 0.00912885 -0.197852 -0.422109 -1.08639 -0.860844 -0.944953 -0.971529 -1.01619 -0.997754 -0.999705 -0.999984 -1 -1 -1 -1 -1 -1 -1 -1 -1 -1 -1 
1 1 1 1 1 1 1 1 1 1 1 1 0.999998 1.00001 1.00008 0.999371 0.998191 1.01682 1.01692 0.662111 0.196602 0.0180671 -0.200032 -0.94032 -0.869605 -0.923757 -0.948284 -1.0307 -0.996181 -0.999368 -0.99993 -1 -1 -1 -1 -1 -1 -1 -1 -1 -1 -1 -1 
1 1 1 1 1 1 1 1 1 1 1 1 1 0.999999 1.00002 1.00017 0.999036 0.992122 1.02514 0.992405 0.317238 0.0173166 -0.593352 -0.87584 -0.912005 -0.910425 -1.0575 -0.995519 -0.998958 -0.999826 -1.00003 -1 -1 -1 -1 -1 -1 -1 -1 -1 -1 -1 -1 
1 1 1 1 1 1 1 1 1 1 1 1 1 1 1 1.00004 1.00008 0.997901 0.996798 1.02118 0.735483 -0.0993401 -0.789604 -0.917306 -0.910166 -1.03359 -1.00335 -0.998438 -0.999611 -1.00009 -0.999992 -1 -1 -1 -1 -1 -1 -1 -1 -1 -1 -1 -1 
1 1 1 1 1 1 1 1 1 1 1 1 1 1 1 0.999988 1.00007 1.00075 0.996809 0.999758 0.984256 -0.123417 -0.929489 -0.908768 -1.01461 -1.00677 -0.998559 -0.999968 -1.00008 -0.99996 -0.999999 -1 -1 -1 -1 -1 -1 -1 -1 -1 -1 -1 -1 
1 1 1 1 1 1 1 1 1 1 1 1 1 1 1 0.999998 0.999992 1.00015 1.0003 0.997147 0.997992 -0.0856153 -0.904006 -0.999061 -1.00758 -0.998872 -1.0004 -1.00012 -0.999922 -0.999995 -1 -1 -1 -1 -1 -1 -1 -1 -1 -1 -1 -1 -1 
1 1 1 1 1 1 1 1 1 1 1 1 1 1 1 1 0.999998 0.999939 1.00023 0.999956 0.997239 0.0315909 -1.01837 -1.01442 -0.995848 -1.00024 -1.00015 -0.99991 -1.00002 -0.999999 -1 -1 -1 -1 -1 -1 -1 -1 -1 -1 -1 -1 -1 
1 1 1 1 1 1 1 1 1 1 1 1 1 1 1 1 1 0.999991 0.999973 1.00021 0.999628 0.0111327 -1.01319 -0.997512 -1.00013 -1.00016 -0.999919 -1.00003 -1 -1 -1 -1 -1 -1 -1 -1 -1 -1 -1 -1 -1 -1 -1 
1 1 1 1 1 1 1 1 1 1 1 1 1 1 1 1 1 1 0.999987 1 1.00015 -0.00782785 -0.992355 -0.999837 -1.00026 -0.99984 -1.00001 -1 -1 -1 -1 -1 -1 -1 -1 -1 -1 -1 -1 -1 -1 -1 -1 
1 1 1 1 1 1 1 1 1 1 1 1 1 1 1 1 1 1 0.999999 0.999988 1.00002 0.00249302 -1.0022 -1.0006 -0.999692 -0.999996 -1.00001 -1 -1 -1 -1 -1 -1 -1 -1 -1 -1 -1 -1 -1 -1 -1 -1 
1 1 1 1 1 1 1 1 1 1 1 1 1 1 1 1 1 1 1 0.999998 0.999991 -0.000191512 -1.00004 -0.999648 -1.0001 -1.00001 -0.999999 -1 -1 -1 -1 -1 -1 -1 -1 -1 -1 -1 -1 -1 -1 -1 -1 
1 1 1 1 1 1 1 1 1 1 1 1 1 1 1 1 1 1 1 1 0.999997 -0.000415216 -0.99951 -1.00006 -1.00002 -0.999999 -1 -1 -1 -1 -1 -1 -1 -1 -1 -1 -1 -1 -1 -1 -1 -1 -1 
1 1 1 1 1 1 1 1 1 1 1 1 1 1 1 1 1 1 1 1 1 0.000268016 -1.00026 -1 -1 -1 -1 -1 -1 -1 -1 -1 -1 -1 -1 -1 -1 -1 -1 -1 -1 -1 -1 
1 1 1 1 1 1 1 1 1 1 1 1 1 1 1 1 1 1 1 1 1 -8.86885e-05 -0.99991 -1 -1 -1 -1 -1 -1 -1 -1 -1 -1 -1 -1 -1 -1 -1 -1 -1 -1 -1 -1 
1 1 1 1 1 1 1 1 1 1 1 1 1 1 1 1 1 1 1 1 1 3.28244e-05 -1.00003 -1 -1 -1 -1 -1 -1 -1 -1 -1 -1 -1 -1 -1 -1 -1 -1 -1 -1 -1 -1 
1 1 1 1 1 1 1 1 1 1 1 1 1 1 1 1 1 1 1 1 1 -7.50599e-06 -0.999993 -1 -1 -1 -1 -1 -1 -1 -1 -1 -1 -1 -1 -1 -1 -1 -1 -1 -1 -1 -1 
1 1 1 1 1 1 1 1 1 1 1 1 1 1 1 1 1 1 1 1 1 2.52217e-06 -1 -1 -1 -1 -1 -1 -1 -1 -1 -1 -1 -1 -1 -1 -1 -1 -1 -1 -1 -1 -1 
1 1 1 1 1 1 1 1 1 1 1 1 1 1 1 1 1 1 1 1 1 -4.48618e-07 -1 -1 -1 -1 -1 -1 -1 -1 -1 -1 -1 -1 -1 -1 -1 -1 -1 -1 -1 -1 -1 
1 1 1 1 1 1 1 1 1 1 1 1 1 1 1 1 1 1 1 1 1 1.28725e-07 -1 -1 -1 -1 -1 -1 -1 -1 -1 -1 -1 -1 -1 -1 -1 -1 -1 -1 -1 -1 -1 
1 1 1 1 1 1 1 1 1 1 1 1 1 1 1 1 1 1 1 1 1 8.264e-09 -1 -1 -1 -1 -1 -1 -1 -1 -1 -1 -1 -1 -1 -1 -1 -1 -1 -1 -1 -1 -1 
