1 1 0.975 0.95 0.925 0.9 0.875 0.85 0.825 0.8 0.775 0.75 0.725 0.7 0.675 0.65 0.625 0.6 0.575 0.55 0.525 0.5 0.475 0.45 0.425 0.4 0.375 0.35 0.325 0.3 0.275 0.25 0.225 0.2 0.175 0.15 0.125 0.1 0.075 0.05 0.025 0 0 
1 1 1.0302 0.985625 0.959687 0.93375 0.907812 0.881875 0.855937 0.83 0.804063 0.778125 0.752188 0.72625 0.700313 0.674375 0.648437 0.6225 0.596562 0.570625 0.544688 0.51875 0.492813 0.466875 0.440937 0.415 0.389062 0.363125 0.337187 0.31125 0.285312 0.259375 0.233437 0.2075 0.181562 0.155625 0.129687 0.10375 0.0778125 0.051875 0.0259375 0.000117187 0 
1 1 0.985566 1.07857 0.986887 0.969014 0.942097 0.91518 0.888263 0.861346 0.834429 0.807512 0.780595 0.753677 0.72676 0.699843 0.672926 0.646009 0.619092 0.592175 0.565258 0.538341 0.511424 0.484507 0.45759 0.430673 0.403756 0.376839 0.349922 0.323005 0.296088 0.269171 0.242253 0.215336 0.188419 0.161502 0.134585 0.107668 0.0807512 0.0538341 0.0269171 0.000239624 -0.000117187 
1 1 1.00549 0.94508 1.14199 0.980949 0.984322 0.949439 0.921514 0.89359 0.865665 0.83774 0.809816 0.781891 0.753966 0.726042 0.698117 0.670192 0.642268 0.614343 0.586418 0.558494 0.530569 0.502644 0.47472 0.446795 0.41887 0.390945 0.363021 0.335096 0.307171 0.279247 0.251322 0.223397 0.195473 0.167548 0.139623 0.111699 0.083774 0.0558494 0.0279247 0.000365547 -0.000239624 
1 1 0.998258 1.02247 0.87209 1.20548 0.979968 1.01477 0.951565 0.926366 0.897417 0.868468 0.839519 0.81057 0.781621 0.752672 0.723723 0.694774 0.665825 0.636876 0.607927 0.578979 0.55003 0.521081 0.492132 0.463183 0.434234 0.405285 0.376336 0.347387 0.318438 0.289489 0.26054 0.231591 0.202642 0.173694 0.144745 0.115796 0.0868468 0.0578979 0.0289489 0.000493513 -0.000365547 
1 1 1.00042 0.992029 1.04935 0.774547 1.28659 0.971578 1.05435 0.944645 0.932009 0.899752 0.86976 0.839768 0.809776 0.779785 0.749793 0.719801 0.68981 0.659818 0.629826 0.599834 0.569843 0.539851 0.509859 0.479867 0.449876 0.419884 0.389892 0.359901 0.329909 0.299917 0.269925 0.239934 0.209942 0.17995 0.149959 0.119967 0.0899752 0.0599834 0.0299916 0.000623748 -0.000493513 
1 1 0.99993 1.00178 0.981138 1.06672 0.671365 1.38625 0.956599 1.08612 0.936841 0.946268 0.899048 0.869132 0.838091 0.807051 0.776011 0.74497 0.71393 0.682889 0.651849 0.620808 0.589768 0.558728 0.527687 0.496647 0.465606 0.434566 0.403526 0.372485 0.341445 0.310404 0.279364 0.248323 0.217283 0.186243 0.155202 0.124162 0.0931213 0.0620808 0.0310403 0.000754665 -0.000623748 
1 1 1.00001 0.999776 1.00328 0.971899 1.04314 0.59042 1.5012 0.942977 1.10022 0.936664 0.966711 0.891167 0.866769 0.834158 0.802075 0.769992 0.737909 0.705826 0.673743 0.64166 0.609577 0.577494 0.545411 0.513328 0.481245 0.449162 0.417079 0.384996 0.352913 0.32083 0.288747 0.256664 0.224581 0.192498 0.160415 0.128332 0.096249 0.064166 0.0320828 0.000884754 -0.000754665 
1 1 1 1.00001 0.999774 1.00287 0.971421 0.959897 0.549459 1.62463 0.93971 1.10311 0.938138 0.980716 0.878835 0.86526 0.827573 0.794676 0.761564 0.728453 0.695341 0.66223 0.629118 0.596007 0.562895 0.529784 0.496672 0.463561 0.430449 0.397338 0.364226 0.331115 0.298003 0.264892 0.23178 0.198669 0.165557 0.132446 0.0993345 0.066223 0.0331112 0.00101302 -0.000884754 
1 1 1 1 0.999988 1.00001 1.00915 0.961393 0.835159 0.545531 1.75053 0.949015 1.09359 0.943 0.977035 0.868898 0.86768 0.817151 0.784923 0.750722 0.716599 0.682475 0.648351 0.614227 0.580104 0.54598 0.511856 0.477732 0.443609 0.409485 0.375361 0.341237 0.307114 0.27299 0.238866 0.204742 0.170619 0.136495 0.102371 0.0682475 0.0341233 0.00113919 -0.00101302 
1 1 1 1 0.999999 0.99999 1.00128 1.01462 0.951584 0.684686 0.565138 1.87604 0.967067 1.0744 0.949037 0.955327 0.867702 0.86942 0.801936 0.773392 0.737528 0.702431 0.667309 0.632187 0.597066 0.561944 0.526823 0.491701 0.45658 0.421458 0.386337 0.351215 0.316094 0.280972 0.245851 0.210729 0.175608 0.140486 0.105365 0.0702431 0.035121 0.0012635 -0.00113919 
1 1 1 1 1 0.999997 1.00015 1.00397 1.01178 0.899172 0.574325 0.596693 2.00022 0.986802 1.05045 0.950538 0.931564 0.868227 0.862317 0.784601 0.761111 0.721924 0.686055 0.64994 0.613833 0.577725 0.541617 0.505509 0.469401 0.433294 0.397186 0.361078 0.32497 0.288862 0.252755 0.216647 0.180539 0.144431 0.108323 0.0722156 0.0361071 0.0013863 -0.0012635 
1 1 1 1 1 0.999999 1.00003 0.999968 1.00701 1.00291 0.730758 0.586712 0.633716 2.12184 1.00183 1.03843 0.935659 0.911138 0.862639 0.844794 0.768107 0.748266 0.703674 0.667604 0.630452 0.593368 0.556283 0.519197 0.482112 0.445026 0.407941 0.370855 0.33377 0.296684 0.259599 0.222513 0.185428 0.148342 0.111257 0.074171 0.0370846 0.00150796 -0.0013863 
1 1 1 1 1 1 1.00001 1.00001 1.00202 1.00587 0.951138 0.600138 0.612774 0.673076 2.23845 1.01203 1.02252 0.918315 0.896218 0.848414 0.819455 0.752804 0.733359 0.682802 0.647262 0.608909 0.570867 0.532809 0.494751 0.456693 0.418636 0.380578 0.34252 0.304462 0.266405 0.228347 0.190289 0.152231 0.114173 0.0761156 0.0380567 0.00162889 -0.00150796 
1 1 1 1 1 1 1 1.00001 1.00012 1.00383 0.99231 0.777288 0.606595 0.647092 0.71245 2.34771 1.01537 0.998943 0.90182 0.883221 0.829518 0.791073 0.737297 0.714297 0.659987 0.625173 0.585359 0.5464 0.507369 0.46834 0.429312 0.390284 0.351255 0.312227 0.273199 0.23417 0.195142 0.156113 0.117085 0.0780567 0.0390271 0.00174953 -0.00162889 
1 1 1 1 1 1 1 1 1.00005 1.00146 1.00004 0.946952 0.633559 0.623272 0.690476 0.75027 2.45737 1.00067 0.969307 0.886827 0.868932 0.806799 0.763504 0.719672 0.690293 0.636051 0.601276 0.559848 0.520034 0.480018 0.440017 0.400016 0.360014 0.320013 0.280011 0.240009 0.200008 0.160006 0.120005 0.0800032 0.0400001 0.00187044 -0.00174953 
1 1 1 1 1 1 1 1 1.00002 1.0006 1.00093 0.983508 0.783645 0.623276 0.649123 0.737424 0.787102 2.55693 0.975446 0.936584 0.871876 0.850152 0.780106 0.738348 0.699293 0.662254 0.611221 0.575276 0.532412 0.491774 0.450759 0.409783 0.368805 0.327826 0.286848 0.24587 0.204892 0.163913 0.122935 0.0819566 0.0409765 0.00199171 -0.00187044 
1 1 1 1 1 1 1 1 1.00001 1.00011 1.00088 0.994518 0.928432 0.647399 0.636808 0.687438 0.780985 0.821596 2.63583 0.945935 0.906737 0.854305 0.824368 0.752022 0.714755 0.675908 0.63198 0.585221 0.547008 0.503172 0.461657 0.419629 0.377671 0.335707 0.293744 0.25178 0.209817 0.167854 0.12589 0.0839268 0.0419614 0.00211396 -0.00199171 
1 1 1 1 1 1 1 1 1 1.00005 1.00045 0.998474 0.971966 0.769557 0.636814 0.659942 0.734798 0.818172 0.851453 2.68885 0.916347 0.88181 0.832767 0.7919 0.725425 0.691115 0.648766 0.601149 0.557628 0.516612 0.472255 0.42973 0.386681 0.343725 0.300759 0.257793 0.214828 0.171862 0.128897 0.085931 0.0429632 0.00223825 -0.00211396 
1 1 1 1 1 1 1 1 1 1.00002 1.00023 0.999659 0.988301 0.903477 0.651441 0.649163 0.69245 0.784364 0.849 0.874716 2.71609 0.889741 0.85934 0.807339 0.756356 0.700304 0.665689 0.618058 0.570526 0.528052 0.484414 0.439699 0.396027 0.351952 0.307968 0.263972 0.219977 0.175981 0.131986 0.0879907 0.0439927 0.00236591 -0.00223825 
1 1 1 1 1 1 1 1 1 1.00001 1.00011 0.999989 0.995335 0.959586 0.747861 0.649163 0.669956 0.734089 0.828553 0.872848 0.890472 2.72289 0.865582 0.836437 0.777388 0.721945 0.675204 0.636938 0.585441 0.539716 0.496252 0.450695 0.40546 0.360561 0.315441 0.270387 0.225321 0.180257 0.135193 0.0901286 0.0450613 0.00249835 -0.00236591 
1 1 1 1 1 1 1 1 1 1 1.00006 1.00006 0.998217 0.981602 0.875936 0.655549 0.660139 0.699251 0.783254 0.861646 0.889209 0.899215 2.71504 0.841733 0.810723 0.743123 0.690908 0.648726 0.60451 0.552466 0.507814 0.462285 0.415525 0.369444 0.323302 0.277093 0.230916 0.184732 0.138549 0.0923661 0.0461796 0.00263687 -0.00249835 
1 1 1 1 1 1 1 1 1 1 1.00003 1.00006 0.999346 0.991959 0.948241 0.729319 0.658277 0.678914 0.736079 0.832799 0.883357 0.89861 0.902151 2.69644 0.815952 0.780045 0.708024 0.662202 0.619544 0.569611 0.519349 0.47403 0.426411 0.378776 0.331549 0.284172 0.236805 0.189446 0.142084 0.0947228 0.0473575 0.00278269 -0.00263687 
1 1 1 1 1 1 1 1 1 1 1.00001 1.00005 0.999781 0.996681 0.975573 0.851987 0.660769 0.668737 0.705655 0.782186 0.871134 0.896291 0.902056 0.900489 2.66904 0.786215 0.74422 0.675387 0.633616 0.586727 0.533884 0.485329 0.438002 0.388815 0.34022 0.291675 0.243044 0.194437 0.145828 0.0972184 0.0486048 0.00293701 -0.00278269 
1 1 1 1 1 1 1 1 1 1 1 1.00002 0.999944 0.998657 0.988939 0.939621 0.715968 0.665142 0.686228 0.738942 0.835289 0.892586 0.901911 0.901283 0.895117 2.63235 0.75194 0.70646 0.644922 0.603063 0.550705 0.497985 0.449491 0.399783 0.349451 0.299628 0.249693 0.199747 0.149812 0.0998743 0.0499322 0.00310114 -0.00293701 
1 1 1 1 1 1 1 1 1 1 1 1.00001 0.999993 0.999482 0.995385 0.971205 0.834996 0.66609 0.675251 0.710909 0.780905 0.880392 0.901787 0.901638 0.898241 0.886372 2.58399 0.715087 0.670283 0.61456 0.569039 0.512975 0.461365 0.411255 0.35954 0.308088 0.256806 0.205432 0.154074 0.102716 0.0513526 0.00327665 -0.00310114 
1 1 1 1 1 1 1 1 1 1 1 1.00001 1 0.999814 0.99811 0.986958 0.935038 0.708705 0.670817 0.691417 0.741361 0.837096 0.901292 0.901719 0.90048 0.892051 0.874034 2.52267 0.678667 0.636489 0.582368 0.53146 0.474583 0.423028 0.370516 0.317264 0.264437 0.211565 0.158667 0.105779 0.052883 0.00346564 -0.00327665 
1 1 1 1 1 1 1 1 1 1 1 1 1.00001 0.99994 0.999261 0.994731 0.969616 0.828186 0.671229 0.680073 0.713934 0.778697 0.890509 0.901719 0.90124 0.898161 0.881781 0.857788 2.45022 0.644113 0.603501 0.546986 0.491539 0.435324 0.382199 0.327386 0.272707 0.218219 0.163659 0.109105 0.0545456 0.0036708 -0.00346564 
1 1 1 1 1 1 1 1 1 1 1 1 1 0.999984 0.999734 0.997917 0.986796 0.9376 0.709121 0.675514 0.694252 0.741612 0.840924 0.901658 0.901545 0.900124 0.894498 0.866464 0.83778 2.37028 0.610506 0.569108 0.508055 0.450404 0.394251 0.338558 0.281823 0.225484 0.169129 0.112748 0.0563664 0.00389534 -0.0036708 
1 1 1 1 1 1 1 1 1 1 1 1 1 0.999998 0.999912 0.999226 0.995089 0.972039 0.836616 0.675818 0.683301 0.714181 0.775796 0.892312 0.901614 0.901121 0.898114 0.889092 0.845626 0.814657 2.28573 0.575924 0.53156 0.466334 0.408063 0.350437 0.292045 0.233492 0.175162 0.116772 0.0583763 0.00414303 -0.00389534 
1 1 1 1 1 1 1 1 1 1 1 1 1 1 0.999975 0.999742 0.998193 0.988875 0.94973 0.720443 0.679195 0.694942 0.738344 0.836272 0.901579 0.901459 0.900374 0.894898 0.880582 0.820267 0.789196 2.1975 0.538627 0.490207 0.422732 0.363609 0.303317 0.242478 0.181852 0.12125 0.0606121 0.00441828 -0.00414303 
1 1 1 1 1 1 1 1 1 1 1 1 1 1 0.999995 0.999923 0.999396 0.996439 0.978409 0.866051 0.679795 0.685153 0.711326 0.765335 0.889345 0.901541 0.901161 0.899241 0.890072 0.866892 0.792721 0.761945 2.10472 0.497716 0.44553 0.377245 0.315934 0.252599 0.189362 0.126264 0.0631201 0.00472664 -0.00441828 
1 1 1 1 1 1 1 1 1 1 1 1 1 1 0.999999 0.99998 0.999829 0.998813 0.992726 0.967728 0.752601 0.682033 0.693572 0.731236 0.81944 0.901466 0.901452 0.900673 0.897657 0.883481 0.847111 0.764407 0.733058 2.00551 0.453316 0.398213 0.328927 0.264209 0.197889 0.131934 0.06596 0.00507551 -0.00472664 
1 1 1 1 1 1 1 1 1 1 1 1 1 1 1 0.999996 0.999957 0.99968 0.998174 0.987089 0.923278 0.685547 0.685955 0.705339 0.748117 0.876359 0.901462 0.901325 0.89997 0.895673 0.875913 0.821215 0.735223 0.702339 1.89812 0.405959 0.348098 0.27651 0.207845 0.13842 0.0692129 0.00547508 -0.00507551 
1 1 1 1 1 1 1 1 1 1 1 1 1 1 1 1 0.999992 0.999934 0.999482 0.997083 0.981544 0.825114 0.685729 0.690605 0.719975 0.784726 0.900802 0.901432 0.901201 0.899076 0.893469 0.869372 0.788618 0.704674 0.669439 1.78165 0.355587 0.294022 0.21885 0.146067 0.0729862 0.00593972 -0.00547508 
1 1 1 1 1 1 1 1 1 1 1 1 1 1 1 1 0.999999 0.999988 0.999925 0.999334 0.995446 0.994255 0.722945 0.687322 0.696245 0.731941 0.836484 0.901432 0.901395 0.9012 0.898098 0.891138 0.866268 0.748735 0.672426 0.634064 1.6554 0.301137 0.23432 0.154837 0.0774864 0.00648819 -0.00593972 
1 1 1 1 1 1 1 1 1 1 1 1 1 1 1 1 1 1 0.999987 0.999943 0.999861 0.994351 0.956403 0.687698 0.689325 0.702876 0.732977 0.886807 0.901431 0.901364 0.901555 0.8973 0.888555 0.865905 0.704679 0.638538 0.595999 1.51778 0.240852 0.167213 0.0828023 0.00715655 -0.00648819 
1 1 1 1 1 1 1 1 1 1 1 1 1 1 1 1 1 1 1 1 0.999925 1.00055 0.997166 0.901047 0.688087 0.690149 0.711031 0.755 0.901314 0.901424 0.901385 0.902565 0.897365 0.88563 0.864983 0.663137 0.603407 0.554972 1.36533 0.172624 0.0904232 0.00795581 -0.00715655 
1 1 1 1 1 1 1 1 1 1 1 1 1 1 1 1 1 1 1 1 1.00001 0.999863 1.00101 1.03611 0.839023 0.688435 0.688754 0.715815 0.778216 0.901424 0.901423 0.901395 0.904403 0.900117 0.881932 0.868942 0.62551 0.56689 0.510519 1.19209 0.0936169 0.0092574 -0.00795581 
1 1 1 1 1 1 1 1 1 1 1 1 1 1 1 1 1 1 1 0.999996 1.00001 1.00005 0.999519 0.991171 1.16622 0.738459 0.688474 0.682947 0.703492 0.796253 0.901424 0.901427 0.900986 0.906067 0.910735 0.874508 0.895315 0.58954 0.528378 0.461997 0.987626 0.00926332 -0.0092574 
1 1 1 1 1 1 1 1 1 1 1 1 1 1 1 1 1 1 1 1 0.999991 0.999996 1.00024 1.00182 0.923353 1.3077 0.693887 0.683005 0.681236 0.662232 0.835087 0.901427 0.901497 0.897208 0.908236 0.916099 0.871633 0.923897 0.550097 0.48416 0.497605 0.636494 -0.00926332 
1 1 1 1 1 1 1 1 1 1 1 1 1 1 1 1 1 1 1 1 1 0.99999 0.999919 1.00005 1.00999 0.815902 1.40711 0.684356 0.681399 0.676747 0.629342 0.89259 0.901497 0.901633 0.89137 0.913318 0.917225 0.870077 0.904103 0.485268 0.489298 0.546892 -0.636494 
1 1 1 1 1 1 1 1 1 1 1 1 1 1 1 1 1 1 1 1 0.999999 1.00001 0.999993 0.999909 0.99934 1.00479 0.706599 1.49221 0.682371 0.67947 0.662017 0.670535 0.901357 0.901633 0.901178 0.888512 0.917108 0.914992 0.871926 0.795434 0.487058 0.515229 -0.546892 
1 1 1 1 1 1 1 1 1 1 1 1 1 1 1 1 1 1 1 1 1 0.999999 1.00001 1 0.999899 0.9993 0.963088 0.623997 1.56949 0.67979 0.673464 0.664619 0.718958 0.901633 0.901605 0.89989 0.891156 0.917036 0.926476 0.857701 0.671704 0.501038 -0.515229 
1 1 1 1 1 1 1 1 1 1 1 1 1 1 1 1 1 1 1 1 1 1 1 1.00001 1.00002 0.999865 1.00055 0.877655 0.578438 1.64017 0.675387 0.668352 0.672722 0.770475 0.901629 0.901644 0.898353 0.887338 0.925495 0.934437 0.84492 0.541301 -0.501038 
1 1 1 1 1 1 1 1 1 1 1 1 1 1 1 1 1 1 1 1 1 1 1 0.999997 1.00001 1 0.999924 1.01701 0.743852 0.56304 1.70125 0.668352 0.669922 0.672077 0.835343 0.901644 0.901804 0.895591 0.886657 0.93404 0.936249 0.715265 -0.541301 
1 1 1 1 1 1 1 1 1 1 1 1 1 1 1 1 1 1 1 1 1 1 1 1 0.999999 1.00001 0.999992 1.00182 1.03139 0.591724 0.565069 1.74736 0.668555 0.671227 0.683514 0.894095 0.901804 0.90281 0.89138 0.89419 0.936245 0.876158 -0.715265 
1 1 1 1 1 1 1 1 1 1 1 1 1 1 1 1 1 1 1 1 1 1 1 1 0.999999 1 1.00001 1.00015 1.00568 0.911216 0.565116 0.573892 1.78723 0.66937 0.67627 0.745988 0.901029 0.902797 0.900182 0.891893 0.903348 0.922901 -0.876158 
1 1 1 1 1 1 1 1 1 1 1 1 1 1 1 1 1 1 1 1 1 1 1 1 1 1 1 1.00003 1.00103 1.00531 0.761428 0.569667 0.585049 1.82177 0.67199 0.688149 0.809146 0.902796 0.902727 0.89756 0.89092 0.911714 -0.922901 
1 1 1 1 1 1 1 1 1 1 1 1 1 1 1 1 1 1 1 1 1 1 1 1 1 1 1 1.00001 1.00002 1.00196 1.00733 0.606239 0.577644 0.596448 1.85241 0.677897 0.695334 0.877223 0.902779 0.903237 0.893961 0.896282 -0.911714 
1 1 1 1 1 1 1 1 1 1 1 1 1 1 1 1 1 1 1 1 1 1 1 1 1 1 1 0.999999 1.00001 0.99989 1.00346 0.881908 0.577712 0.587373 0.607274 1.88115 0.684706 0.744293 0.902083 0.903236 0.90071 0.8946 -0.896282 
1 1 1 1 1 1 1 1 1 1 1 1 1 1 1 1 1 1 1 1 1 1 1 1 1 1 1 1 1 0.999986 1.00061 1.00203 0.725982 0.581102 0.599429 0.617468 1.90865 0.698502 0.809523 0.903236 0.903167 0.898333 -0.8946 
1 1 1 1 1 1 1 1 1 1 1 1 1 1 1 1 1 1 1 1 1 1 1 1 1 1 1 1 1 0.999998 0.99994 1.00109 0.973163 0.595776 0.586578 0.613069 0.627103 1.93827 0.707743 0.876156 0.903217 0.901755 -0.898333 
1 1 1 1 1 1 1 1 1 1 1 1 1 1 1 1 1 1 1 1 1 1 1 1 1 1 1 1 1 1 0.999985 1.0002 0.996045 0.827543 0.58658 0.595526 0.625541 0.636808 1.96762 0.754783 0.902741 0.902776 -0.901755 
1 1 1 1 1 1 1 1 1 1 1 1 1 1 1 1 1 1 1 1 1 1 1 1 1 1 1 1 1 1 0.999996 1.00004 0.999284 0.992127 0.668928 0.590381 0.607938 0.636087 0.646526 2.01335 0.809238 0.902776 -0.902776 
1 1 1 1 1 1 1 1 1 1 1 1 1 1 1 1 1 1 1 1 1 1 1 1 1 1 1 1 1 1 0.999999 1.00001 0.999902 0.997495 0.903708 0.592315 0.596507 0.622256 0.645881 0.659085 2.0753 0.843122 -0.902776 
1 1 1 1 1 1 1 1 1 1 1 1 1 1 1 1 1 1 1 1 1 1 1 1 1 1 1 1 1 1 1 1 0.999981 0.999274 0.984777 0.743997 0.594419 0.605373 0.636149 0.657533 0.675871 2.1427 -0.843122 
1 1 1 1 1 1 1 1 1 1 1 1 1 1 1 1 1 1 1 1 1 1 1 1 1 1 1 1 1 1 1 1 0.999995 0.999792 0.99542 0.941232 0.612359 0.599302 0.61775 0.649441 0.672107 0.695676 -2.1427 
1 1 1 1 1 1 1 1 1 1 1 1 1 1 1 1 1 1 1 1 1 1 1 1 1 1 1 1 1 1 1 1 1 1.00011 1.00247 1.03163 0.99519 0.599321 0.593431 0.612027 0.652906 0.68301 -0.695676 
1 1 1 1 1 1 1 1 1 1 1 1 1 1 1 1 1 1 1 1 1 1 1 1 1 1 1 1 1 1 1 1 0.999998 0.999946 0.998765 0.988787 1.05369 1.05852 0.593432 0.589457 0.602779 0.672579 -0.68301 
1 1 1 1 1 1 1 1 1 1 1 1 1 1 1 1 1 1 1 1 1 1 1 1 1 1 1 1 1 1 1 1 1 1.00002 1.00063 1.00264 0.952579 1.05848 1.14113 0.589457 0.589426 0.611604 -0.672579 
1 1 1 1 1 1 1 1 1 1 1 1 1 1 1 1 1 1 1 1 1 1 1 1 1 1 1 1 1 1 1 1 1 0.999993 0.999613 1.00021 1.01691 0.845305 1.09484 1.21697 0.589426 0.594097 -0.611604 
1 1 1 1 1 1 1 1 1 1 1 1 1 1 1 1 1 1 1 1 1 1 1 1 1 1 1 1 1 1 1 1 1 1 1.00008 0.999446 0.99618 1.04225 0.657534 1.18191 1.28804 0.59069 -0.594097 
1 1 1 1 1 1 1 1 1 1 1 1 1 1 1 1 1 1 1 1 1 1 1 1 1 1 1 1 1 1 1 1 1 1 0.999988 1.00032 0.999837 0.987567 1.03831 0.473887 1.28179 1.35355 -0.59069 
1 1 1 1 1 1 1 1 1 1 1 1 1 1 1 1 1 1 1 1 1 1 1 1 1 1 1 1 1 1 1 1 1 1 1 0.999952 1.0004 1.00106 0.981349 0.946821 0.391896 1.35271 -1.35355 
1 1 1 1 1 1 1 1 1 1 1 1 1 1 1 1 1 1 1 1 1 1 1 1 1 1 1 1 1 1 1 1 1 1 1 1.00001 0.999673 1.00056 1.01221 0.976784 0.80154 0.42333 -1.35271 
1 1 1 1 1 1 1 1 1 1 1 1 1 1 1 1 1 1 1 1 1 1 1 1 1 1 1 1 1 1 1 1 1 1 1 0.999996 1.00017 0.999149 0.994929 1.03891 1.09862 0.690493 -0.42333 
1 1 1 1 1 1 1 1 1 1 1 1 1 1 1 1 1 1 1 1 1 1 1 1 1 1 1 1 1 1 1 1 1 1 1 1 0.999934 1.00086 1.00036 0.947756 1.04158 1.18897 -0.690493 
1 1 1 1 1 1 1 1 1 1 1 1 1 1 1 1 1 1 1 1 1 1 1 1 1 1 1 1 1 1 1 1 1 1 1 1 1.00002 0.999692 1.00099 1.01239 0.866858 1.03857 -1.18897 
1 1 1 1 1 1 1 1 1 1 1 1 1 1 1 1 1 1 1 1 1 1 1 1 1 1 1 1 1 1 1 1 1 1 1 1 0.999991 1.00016 0.998902 0.996029 1.06436 0.802294 -1.03857 
1 1 1 1 1 1 1 1 1 1 1 1 1 1 1 1 1 1 1 1 1 1 1 1 1 1 1 1 1 1 1 1 1 1 1 1 1 0.99992 1.00133 0.999414 0.965154 1.147 -0.802294 
1 1 1 1 1 1 1 1 1 1 1 1 1 1 1 1 1 1 1 1 1 1 1 1 1 1 1 1 1 1 1 1 1 1 1 1 0.999999 1.00003 0.999483 1.00207 1.00902 0.895854 -1.147 
1 1 1 1 1 1 1 1 1 1 1 1 1 1 1 1 1 1 1 1 1 1 1 1 1 1 1 1 1 1 1 1 1 1 1 1 1 0.999983 1.0003 0.996965 0.999882 1.05609 -0.895854 
1 1 1 1 1 1 1 1 1 1 1 1 1 1 1 1 1 1 1 1 1 1 1 1 1 1 1 1 1 1 1 1 1 1 1 1 1 1.00001 0.999851 1.00169 0.995531 0.974237 -1.05609 
1 1 1 1 1 1 1 1 1 1 1 1 1 1 1 1 1 1 1 1 1 1 1 1 1 1 1 1 1 1 1 1 1 1 1 1 1 0.999995 1.00009 0.998935 1.00719 1.00319 -0.974237 
1 1 1 1 1 1 1 1 1 1 1 1 1 1 1 1 1 1 1 1 1 1 1 1 1 1 1 1 1 1 1 1 1 1 1 1 1 1 0.999951 1.00065 0.994858 1.00918 -1.00319 
1 1 1 1 1 1 1 1 1 1 1 1 1 1 1 1 1 1 1 1 1 1 1 1 1 1 1 1 1 1 1 1 1 1 1 1 1 0.999999 1.00003 0.999611 1.00345 0.987852 -1.00918 
1 1 1 1 1 1 1 1 1 1 1 1 1 1 1 1 1 1 1 1 1 1 1 1 1 1 1 1 1 1 1 1 1 1 1 1 1 1 0.999984 1.00023 0.997705 1.01106 -0.987852 
1 1 1 1 1 1 1 1 1 1 1 1 1 1 1 1 1 1 1 1 1 1 1 1 1 1 1 1 1 1 1 1 1 1 1 1 1 1 1.00001 0.999864 1.00145 0.99116 -1.01106 
1 1 1 1 1 1 1 1 1 1 1 1 1 1 1 1 1 1 1 1 1 1 1 1 1 1 1 1 1 1 1 1 1 1 1 1 1 1 0.999995 1.00008 0.999071 1.00652 -0.99116 
1 1 1 1 1 1 1 1 1 1 1 1 1 1 1 1 1 1 1 1 1 1 1 1 1 1 1 1 1 1 1 1 1 1 1 1 1 1 1 0.999953 1.00058 0.995389 -1.00652 
1 1 1 1 1 1 1 1 1 1 1 1 1 1 1 1 1 1 1 1 1 1 1 1 1 1 1 1 1 1 1 1 1 1 1 1 1 1 0.999999 1.00003 0.999642 1.00315 -0.995389 
1 1 1 1 1 1 1 1 1 1 1 1 1 1 1 1 1 1 1 1 1 1 1 1 1 1 1 1 1 1 1 1 1 1 1 1 1 1 1 0.999984 1.00022 0.997897 -1.00315 
1 1 1 1 1 1 1 1 1 1 1 1 1 1 1 1 1 1 1 1 1 1 1 1 1 1 1 1 1 1 1 1 1 1 1 1 1 1 1 1.00001 0.999867 1.00138 -0.997897 
1 1 1 1 1 1 1 1 1 1 1 1 1 1 1 1 1 1 1 1 1 1 1 1 1 1 1 1 1 1 1 1 1 1 1 1 1 1 1 0.999995 1.00008 0.999114 -1.00138 
1 1 1 1 1 1 1 1 1 1 1 1 1 1 1 1 1 1 1 1 1 1 1 1 1 1 1 1 1 1 1 1 1 1 1 1 1 1 1 1 0.999953 1.00056 -0.999114 
1 1 1 1 1 1 1 1 1 1 1 1 1 1 1 1 1 1 1 1 1 1 1 1 1 1 1 1 1 1 1 1 1 1 1 1 1 1 0.999999 1 1.00003 0.999649 -1.00056 
1 1 1 1 1 1 1 1 1 1 1 1 1 1 1 1 1 1 1 1 1 1 1 1 1 1 1 1 1 1 1 1 1 1 1 1 1 1 1 0.999999 0.999987 1.00021 -0.999649 
1 1 1 1 1 1 1 1 1 1 1 1 1 1 1 1 1 1 1 1 1 1 1 1 1 1 1 1 1 1 1 1 1 1 1 1 1 1 1 1 1.00001 0.999873 -1.00021 
1 1 1 1 1 1 1 1 1 1 1 1 1 1 1 1 1 1 1 1 1 1 1 1 1 1 1 1 1 1 1 1 1 1 1 1 1 1 1 0.999998 1 1.00007 -0.999873 
1 1 1 1 1 1 1 1 1 1 1 1 1 1 1 1 1 1 1 1 1 1 1 1 1 1 1 1 1 1 1 1 1 1 1 1 1 1 1 1 0.999998 0.999964 -1.00007 
1 1 1 1 1 1 1 1 1 1 1 1 1 1 1 1 1 1 1 1 1 1 1 1 1 1 1 1 1 1 1 1 1 1 1 1 1 1 1 0.999999 1 1.00001 -0.999964 
1 1 1 1 1 1 1 1 1 1 1 1 1 1 1 1 1 1 1 1 1 1 1 1 1 1 1 1 1 1 1 1 1 1 1 1 1 1 1 1 0.999996 0.999999 -1.00001 
1 1 1 1 1 1 1 1 1 1 1 1 1 1 1 1 1 1 1 1 1 1 1 1 1 1 1 1 1 1 1 1 1 1 1 1 1 1 1 1 1 0.999994 -0.999999 
1 1 1 1 1 1 1 1 1 1 1 1 1 1 1 1 1 1 1 1 1 1 1 1 1 1 1 1 1 1 1 1 1 1 1 1 1 1 1 1 0.999998 1.00001 -0.999994 
1 1 1 1 1 1 1 1 1 1 1 1 1 1 1 1 1 1 1 1 1 1 1 1 1 1 1 1 1 1 1 1 1 1 1 1 1 1 1 1 1 0.999993 -1.00001 
1 1 1 1 1 1 1 1 1 1 1 1 1 1 1 1 1 1 1 1 1 1 1 1 1 1 1 1 1 1 1 1 1 1 1 1 1 1 1 1 0.999999 1.00001 -0.999993 
1 1 1 1 1 1 1 1 1 1 1 1 1 1 1 1 1 1 1 1 1 1 1 1 1 1 1 1 1 1 1 1 1 1 1 1 1 1 1 1 1 0.999996 -1.00001 
1 1 1 1 1 1 1 1 1 1 1 1 1 1 1 1 1 1 1 1 1 1 1 1 1 1 1 1 1 1 1 1 1 1 1 1 1 1 1 1 1 1 -0.999996 
1 1 1 1 1 1 1 1 1 1 1 1 1 1 1 1 1 1 1 1 1 1 1 1 1 1 1 1 1 1 1 1 1 1 1 1 1 1 1 1 1 0.999998 -1 
1 1 1 1 1 1 1 1 1 1 1 1 1 1 1 1 1 1 1 1 1 1 1 1 1 1 1 1 1 1 1 1 1 1 1 1 1 1 1 1 1 1 -0.999998 
1 1 1 1 1 1 1 1 1 1 1 1 1 1 1 1 1 1 1 1 1 1 1 1 1 1 1 1 1 1 1 1 1 1 1 1 1 1 1 1 1 0.999999 -1 
1 1 1 1 1 1 1 1 1 1 1 1 1 1 1 1 1 1 1 1 1 1 1 1 1 1 1 1 1 1 1 1 1 1 1 1 1 1 1 1 1 1 -0.999999 
1 1 1 1 1 1 1 1 1 1 1 1 1 1 1 1 1 1 1 1 1 1 1 1 1 1 1 1 1 1 1 1 1 1 1 1 1 1 1 1 1 1 -1 
1 1 1 1 1 1 1 1 1 1 1 1 1 1 1 1 1 1 1 1 1 1 1 1 1 1 1 1 1 1 1 1 1 1 1 1 1 1 1 1 1 1 -1 
1 1 1 1 1 1 1 1 1 1 1 1 1 1 1 1 1 1 1 1 1 1 1 1 1 1 1 1 1 1 1 1 1 1 1 1 1 1 1 1 1 1 -1 
1 1 1 1 1 1 1 1 1 1 1 1 1 1 1 1 1 1 1 1 1 1 1 1 1 1 1 1 1 1 1 1 1 1 1 1 1 1 1 1 1 1 -1 
1 1 1 1 1 1 1 1 1 1 1 1 1 1 1 1 1 1 1 1 1 1 1 1 1 1 1 1 1 1 1 1 1 1 1 1 1 1 1 1 1 1 -1 
1 1 1 1 1 1 1 1 1 1 1 1 1 1 1 1 1 1 1 1 1 1 1 1 1 1 1 1 1 1 1 1 1 1 1 1 1 1 1 1 1 1 -1 
1 1 1 1 1 1 1 1 1 1 1 1 1 1 1 1 1 1 1 1 1 1 1 1 1 1 1 1 1 1 1 1 1 1 1 1 1 1 1 1 1 1 -1 
