1 1 0.9875 0.975 0.9625 0.95 0.9375 0.925 0.9125 0.9 0.8875 0.875 0.8625 0.85 0.8375 0.825 0.8125 0.8 0.7875 0.775 0.7625 0.75 0.7375 0.725 0.7125 0.7 0.6875 0.675 0.6625 0.65 0.6375 0.625 0.6125 0.6 0.5875 0.575 0.5625 0.55 0.5375 0.525 0.5125 0.5 0.5 
1 1 1.00422 0.985969 0.973328 0.960687 0.948047 0.935406 0.922766 0.910125 0.897484 0.884844 0.872203 0.859562 0.846922 0.834281 0.821641 0.809 0.796359 0.783719 0.771078 0.758437 0.745797 0.733156 0.720516 0.707875 0.695234 0.682594 0.669953 0.657312 0.644672 0.632031 0.619391 0.60675 0.594109 0.581469 0.568828 0.556187 0.543547 0.530906 0.518266 0.505625 0.5 
1 1 1.00043 1.0138 0.978361 0.971571 0.958787 0.946003 0.933219 0.920436 0.907652 0.894868 0.882084 0.8693 0.856516 0.843733 0.830949 0.818165 0.805381 0.792597 0.779814 0.76703 0.754246 0.741462 0.728678 0.715894 0.703111 0.690327 0.677543 0.664759 0.651975 0.639191 0.626408 0.613624 0.60084 0.588056 0.575272 0.562488 0.549705 0.536921 0.524137 0.514163 0.5 
1 1 1.00004 1.00186 1.03993 0.950144 0.97224 0.956739 0.94381 0.930881 0.917953 0.905024 0.892095 0.879166 0.866237 0.853308 0.840379 0.82745 0.814521 0.801592 0.788663 0.775735 0.762806 0.749877 0.736948 0.724019 0.71109 0.698161 0.685232 0.672303 0.659374 0.646445 0.633517 0.620588 0.607659 0.59473 0.581801 0.568872 0.555943 0.543014 0.530912 0.517243 0.5 
1 1 1 1.0002 1.00637 1.02746 0.95386 0.977335 0.952049 0.941297 0.928224 0.91515 0.902077 0.889003 0.875929 0.862856 0.849782 0.836709 0.823635 0.810562 0.797488 0.784414 0.771341 0.758267 0.745194 0.73212 0.719047 0.705973 0.692899 0.679826 0.666752 0.653679 0.640605 0.627532 0.614458 0.601384 0.588311 0.575237 0.562164 0.549295 0.536076 0.523717 0.5 
1 1 1 1.00002 0.999368 1.01026 1.01773 0.957479 0.994223 0.933825 0.939805 0.92563 0.912407 0.899184 0.88596 0.872737 0.859514 0.84629 0.833067 0.819844 0.806621 0.793397 0.780174 0.766951 0.753727 0.740504 0.727281 0.714058 0.700834 0.687611 0.674388 0.661164 0.647941 0.634718 0.621495 0.608271 0.595048 0.581825 0.568652 0.555386 0.54258 0.528973 0.5 
1 1 1 1 0.999947 0.993454 1.01816 1.0101 0.962514 0.985315 0.934851 0.943515 0.922276 0.909698 0.89632 0.882943 0.869565 0.856187 0.842809 0.829431 0.816053 0.802675 0.789297 0.775919 0.762541 0.749163 0.735785 0.722408 0.70903 0.695652 0.682274 0.668896 0.655518 0.64214 0.628762 0.615384 0.602006 0.588641 0.57525 0.56204 0.548498 0.535337 0.5 
1 1 1 1 0.999997 0.999174 0.996194 1.01854 1.00278 0.965686 0.977678 0.936322 0.954268 0.910444 0.907239 0.893384 0.879848 0.866311 0.852775 0.839239 0.825703 0.812167 0.798631 0.785095 0.771559 0.758022 0.744486 0.73095 0.717414 0.703878 0.690342 0.676806 0.66327 0.649734 0.636197 0.622661 0.609129 0.595589 0.582112 0.568512 0.555239 0.540593 0.5 
1 1 1 1 1 1.0001 0.998621 0.99865 1.02277 0.992032 0.967382 0.971293 0.939278 0.980955 0.876 0.909388 0.890118 0.876673 0.862975 0.849277 0.835579 0.821881 0.808183 0.794485 0.780787 0.767089 0.753391 0.739693 0.725995 0.712297 0.698599 0.684901 0.671203 0.657505 0.643807 0.63011 0.616411 0.602733 0.589011 0.575459 0.561586 0.54696 0.5 
1 1 1 1 1 1.00001 0.999923 0.998625 1.00132 1.03586 0.97206 0.967957 0.96619 0.945744 0.96175 0.883161 0.916108 0.881558 0.873474 0.859514 0.845651 0.831788 0.817925 0.804061 0.790198 0.776335 0.762472 0.748609 0.734746 0.720883 0.70702 0.693156 0.679293 0.66543 0.651567 0.637704 0.623848 0.609976 0.596179 0.582234 0.568522 0.552871 0.5 
1 1 1 1 1 1 1.00001 0.999747 0.998795 1.00547 1.07982 0.922745 0.964359 0.962598 0.948486 0.946148 0.890355 0.934484 0.856753 0.872191 0.855765 0.841807 0.827776 0.813746 0.799716 0.785686 0.771656 0.757626 0.743596 0.729566 0.715536 0.701505 0.687475 0.673445 0.659415 0.645387 0.631354 0.617351 0.603286 0.589385 0.575177 0.559345 0.5 
1 1 1 1 1 1 1 1.00002 0.999529 0.999393 1.01572 1.05383 0.931633 0.964189 0.970622 0.936999 0.932978 0.900925 0.914777 0.861068 0.874449 0.849702 0.837481 0.823262 0.809068 0.794874 0.78068 0.766485 0.752291 0.738097 0.723903 0.709709 0.695515 0.68132 0.667127 0.652932 0.638748 0.624541 0.610416 0.596132 0.582063 0.565408 0.5 
1 1 1 1 1 1 1 1.00001 1.00037 0.999088 0.995586 1.02623 1.03524 0.910573 0.992568 0.990811 0.910167 0.925624 0.904037 0.901796 0.864532 0.885617 0.832944 0.833977 0.818858 0.804509 0.790143 0.775777 0.761411 0.747044 0.732678 0.718312 0.703946 0.68958 0.675213 0.660851 0.646479 0.632147 0.617735 0.6035 0.588947 0.572133 0.5 
1 1 1 1 1 1 1 1 1.00005 1.00061 0.998215 0.97155 1.05492 1.01601 0.924736 0.992359 0.976772 0.913289 0.937969 0.886897 0.893037 0.869577 0.872293 0.833229 0.835363 0.813987 0.800018 0.785466 0.77092 0.756375 0.741829 0.727283 0.712738 0.698192 0.683648 0.6691 0.65457 0.640001 0.625543 0.610875 0.596481 0.578859 0.5 
1 1 1 1 1 1 1 1 1 1.00014 1.00044 0.993772 0.982851 1.06463 0.986049 0.937058 0.993047 0.96129 0.918479 0.926654 0.888375 0.887216 0.870274 0.861649 0.833844 0.840271 0.803138 0.795416 0.780483 0.765761 0.751035 0.736309 0.721582 0.706857 0.69213 0.677411 0.662674 0.647997 0.633199 0.618647 0.603663 0.585992 0.5 
1 1 1 1 1 1 1 1 1 0.999973 1.00024 1.00219 0.989179 0.993856 1.10502 0.926022 0.94737 1.00032 0.939697 0.920279 0.945869 0.860018 0.894924 0.857786 0.851824 0.835723 0.85356 0.778596 0.792813 0.775152 0.760386 0.745475 0.730566 0.715656 0.700749 0.685835 0.670951 0.656003 0.641219 0.626126 0.611421 0.592872 0.5 
1 1 1 1 1 1 1 1 1 0.999995 0.999993 1.00063 0.999729 0.98992 1.01017 1.07408 0.924413 0.964994 1.03249 0.890086 0.926422 0.923154 0.869978 0.909678 0.832119 0.845259 0.841289 0.828422 0.783715 0.793051 0.767548 0.754573 0.739436 0.724348 0.709255 0.694177 0.679067 0.664051 0.648853 0.634003 0.618546 0.600113 0.5 
1 1 1 1 1 1 1 1 1 1 0.999991 1.0001 1.00055 0.998028 0.987755 1.02371 1.04972 0.916291 0.992584 1.00479 0.898768 0.925841 0.909772 0.880077 0.888718 0.836025 0.844957 0.839126 0.811346 0.786884 0.80008 0.751075 0.749507 0.733476 0.71823 0.702939 0.6877 0.672354 0.657262 0.641702 0.626717 0.607246 0.5 
1 1 1 1 1 1 1 1 1 1 1 0.999986 1.00018 1.00072 0.995971 0.970627 1.04868 1.02875 0.862732 1.06176 0.985288 0.904665 0.928656 0.896622 0.882166 0.874985 0.83852 0.844216 0.840987 0.792778 0.791102 0.814188 0.720086 0.748838 0.727117 0.712184 0.696653 0.681306 0.66562 0.650555 0.634451 0.615379 0.5 
1 1 1 1 1 1 1 1 1 1 1 0.999999 0.999955 1.00032 1.00074 0.991 0.98188 1.04839 0.993735 0.899423 1.08295 0.93793 0.910015 0.945316 0.879873 0.87066 0.863953 0.840154 0.843447 0.857416 0.760816 0.798481 0.781277 0.730938 0.750336 0.716146 0.706058 0.690061 0.674747 0.65851 0.643395 0.622819 0.5 
1 1 1 1 1 1 1 1 1 1 1 1 0.999992 0.999864 1.00055 1.00333 0.985085 0.992279 1.06237 0.951359 0.931772 1.16401 0.82715 0.918101 0.97558 0.83585 0.86558 0.855651 0.840599 0.848088 0.825772 0.774077 0.796374 0.758767 0.738396 0.756843 0.695106 0.701154 0.682939 0.667977 0.650848 0.631407 0.5 
1 1 1 1 1 1 1 1 1 1 1 1 0.999999 0.999962 0.99989 1.0013 0.999112 0.986213 1.00726 1.11467 0.86914 0.975846 1.08645 0.803655 0.986581 0.933702 0.846025 0.865533 0.847195 0.843199 0.846327 0.799936 0.782837 0.801277 0.730286 0.74618 0.72976 0.69789 0.698493 0.673825 0.660021 0.638164 0.5 
1 1 1 1 1 1 1 1 1 1 1 1 1 1.00001 0.999933 1.00016 1.00118 0.996251 0.986961 1.02602 1.06578 0.853181 1.03755 1.01945 0.854375 0.994345 0.88937 0.852054 0.872283 0.833517 0.844193 0.859862 0.764668 0.789484 0.77418 0.736706 0.744354 0.711448 0.698153 0.699287 0.659317 0.647736 0.5 
1 1 1 1 1 1 1 1 1 1 1 1 1 1 0.999995 0.999926 1.00036 1.00248 0.992669 0.97574 1.04775 1.02544 0.890365 1.03688 0.983266 0.885087 1.04705 0.805304 0.857555 0.861438 0.832813 0.852406 0.829964 0.7732 0.788354 0.756543 0.739572 0.750987 0.686754 0.698618 0.703825 0.633045 0.5 
1 1 1 1 1 1 1 1 1 1 1 1 1 1 1 0.999985 0.99991 1.00074 1.00525 0.985879 0.985167 1.04854 0.998264 0.915604 1.05212 0.941538 0.912647 0.99763 0.780576 0.898233 0.853642 0.838225 0.852472 0.805993 0.77819 0.796643 0.731484 0.743679 0.726418 0.684378 0.707869 0.692391 0.5 
1 1 1 1 1 1 1 1 1 1 1 1 1 1 1 1 0.999972 0.9999 1.00151 1.01855 0.969591 0.993416 1.06348 0.96207 0.937226 1.11966 0.851728 0.928195 0.945658 0.81375 0.918765 0.817671 0.842169 0.865103 0.770887 0.784214 0.774071 0.735984 0.741654 0.705363 0.693881 0.702398 0.5 
1 1 1 1 1 1 1 1 1 1 1 1 1 1 1 1 1.00001 0.999948 1.00009 1.00483 1.00871 0.968124 1.01206 1.11891 0.881903 0.968846 1.06401 0.814092 0.991908 0.907025 0.845642 0.888223 0.816899 0.858293 0.832836 0.775885 0.782101 0.757422 0.738287 0.746515 0.680291 0.697618 0.5 
1 1 1 1 1 1 1 1 1 1 1 1 1 1 1 1 1 0.999994 0.999972 0.998668 1.00792 1.00039 0.962235 1.04217 1.07262 0.869495 1.02084 1.00287 0.862755 1.01328 0.847476 0.85853 0.86581 0.830405 0.857722 0.80516 0.778206 0.782296 0.740203 0.741602 0.718292 0.688016 0.5 
1 1 1 1 1 1 1 1 1 1 1 1 1 1 1 1 1 1 0.999988 0.999761 1.00013 1.00798 0.992409 0.902373 1.11818 1.035 0.900815 1.02007 0.970479 0.894808 0.976915 0.844543 0.866619 0.8556 0.838375 0.875349 0.762591 0.779618 0.76709 0.740732 0.739536 0.701716 0.5 
1 1 1 1 1 1 1 1 1 1 1 1 1 1 1 1 1 1 1 0.999943 0.999819 1.00165 1.00709 0.968882 0.942696 1.14103 0.971398 0.927881 1.02932 0.932492 0.915067 0.941575 0.851417 0.867019 0.846336 0.849849 0.836918 0.76905 0.778551 0.768498 0.724837 0.727614 0.5 
1 1 1 1 1 1 1 1 1 1 1 1 1 1 1 1 1 1 1 1.00001 0.999897 0.999718 1.00327 1.01966 0.941439 0.978043 1.23134 0.841855 0.951022 1.07494 0.86024 0.922165 0.91517 0.856445 0.860312 0.847499 0.847145 0.810411 0.772752 0.776033 0.74915 0.726023 0.5 
1 1 1 1 1 1 1 1 1 1 1 1 1 1 1 1 1 1 1 1 1.00002 0.999807 1.00011 1.0081 0.997496 0.948574 1.03061 1.13695 0.840463 1.02222 1.01208 0.881828 0.920424 0.893909 0.857886 0.863373 0.839489 0.843417 0.783785 0.774176 0.7726 0.731279 0.5 
1 1 1 1 1 1 1 1 1 1 1 1 1 1 1 1 1 1 1 1 1.00001 0.999976 0.999861 1.00176 1.00773 0.984442 0.932218 1.07985 1.07251 0.888221 1.02088 0.97883 0.892892 0.922261 0.873551 0.859635 0.855586 0.840801 0.857781 0.750363 0.767749 0.76009 0.5 
1 1 1 1 1 1 1 1 1 1 1 1 1 1 1 1 1 1 1 1 1 1.00001 0.999949 0.999673 1.00323 1.01225 0.965454 0.956064 1.07936 1.03854 0.91534 1.03048 0.943316 0.900046 0.944479 0.8451 0.84938 0.850463 0.845762 0.822349 0.75675 0.765109 0.5 
1 1 1 1 1 1 1 1 1 1 1 1 1 1 1 1 1 1 1 1 1 1 1.00001 0.999893 0.999087 1.00584 1.0408 0.926825 0.97473 1.08621 1.00407 0.937073 1.08043 0.867911 0.91031 0.919247 0.843317 0.852735 0.849752 0.843667 0.794236 0.759805 0.5 
1 1 1 1 1 1 1 1 1 1 1 1 1 1 1 1 1 1 1 1 1 0.999999 1.00001 1 0.999741 0.999143 1.01225 1.01973 0.92019 1.00783 1.11605 0.950097 0.96061 1.03945 0.846351 0.945197 0.898762 0.846118 0.852884 0.847431 0.850082 0.762008 0.5 
1 1 1 1 1 1 1 1 1 1 1 1 1 1 1 1 1 1 1 1 1 1 1 1.00001 1.00005 0.999531 0.992203 1.02302 0.998053 0.903312 1.05976 1.08835 0.951424 0.976956 0.993176 0.873794 0.949897 0.866545 0.848249 0.85117 0.848268 0.837096 0.5 
1 1 1 1 1 1 1 1 1 1 1 1 1 1 1 1 1 1 1 1 1 1 1 1 1.00001 0.999986 0.998208 0.997342 1.02433 0.972381 0.785551 1.21018 1.06691 0.940197 0.996366 0.965949 0.892512 0.986001 0.804365 0.849117 0.850835 0.844609 0.5 
1 1 1 1 1 1 1 1 1 1 1 1 1 1 1 1 1 1 1 1 1 1 1 1 1 1.00001 1.00085 0.996666 1.00404 1.02132 0.897311 0.895062 1.25005 0.972932 0.955918 0.997135 0.93427 0.920698 0.925287 0.792597 0.878754 0.848605 0.5 
1 1 1 1 1 1 1 1 1 1 1 1 1 1 1 1 1 1 1 1 1 1 1 1 0.999999 1.00001 1.00024 0.999673 0.996449 1.011 1.05753 0.821937 0.975926 1.36117 0.801259 0.968157 1.01884 0.888898 0.922237 0.874654 0.826917 0.868943 0.5 
1 1 1 1 1 1 1 1 1 1 1 1 1 1 1 1 1 1 1 1 1 1 1 1 1 1 1.00009 1.00012 0.998511 0.998295 1.02876 0.968325 0.843429 1.10449 1.20154 0.75448 1.10159 0.970853 0.902275 0.916493 0.840199 0.845381 0.5 
1 1 1 1 1 1 1 1 1 1 1 1 1 1 1 1 1 1 1 1 1 1 1 1 1 1 0.999959 1.00016 1.00091 0.997257 1.00563 1.03442 0.907286 0.672537 1.35922 1.08198 0.860302 1.15714 0.865571 0.906808 0.890394 0.84211 0.5 
1 1 1 1 1 1 1 1 1 1 1 1 1 1 1 1 1 1 1 1 1 1 1 1 1 1 0.999986 0.999991 1.00045 0.999674 0.998454 1.0166 1.02586 0.758469 0.897316 1.4203 0.888597 0.958877 1.06083 0.882611 0.90344 0.87031 0.5 
1 1 1 1 1 1 1 1 1 1 1 1 1 1 1 1 1 1 1 1 1 1 1 1 1 1 0.999995 0.999988 1.00016 1.00041 0.998982 0.993464 1.03142 0.909637 0.803085 1.05766 1.27756 0.895996 1.01733 0.992347 0.891653 0.89056 0.5 
1 1 1 1 1 1 1 1 1 1 1 1 1 1 1 1 1 1 1 1 1 1 1 1 1 1 1 0.999991 0.999978 1.00029 1.00025 0.997077 1.00435 1.03579 0.824474 0.773357 1.21413 1.18812 0.935558 1.01435 1.01383 0.831569 0.5 
1 1 1 1 1 1 1 1 1 1 1 1 1 1 1 1 1 1 1 1 1 1 1 1 1 1 1 1 0.999984 1.00006 1.00028 0.999423 0.997701 1.01327 1.08277 0.691032 0.889443 1.21364 1.13199 0.957408 1.01422 1.00933 0.5 
1 1 1 1 1 1 1 1 1 1 1 1 1 1 1 1 1 1 1 1 1 1 1 1 1 1 1 1 0.999997 0.999985 1.00014 1.00038 0.998659 0.999037 1.03138 0.948679 0.704087 1.02992 1.23451 1.06115 0.972688 1.01304 0.5 
1 1 1 1 1 1 1 1 1 1 1 1 1 1 1 1 1 1 1 1 1 1 1 1 1 1 1 1 1 0.999993 0.999971 1.00026 0.99991 0.998758 1.00745 1.02742 0.832389 0.604623 1.28498 1.32711 0.917382 0.983832 0.5 
1 1 1 1 1 1 1 1 1 1 1 1 1 1 1 1 1 1 1 1 1 1 1 1 1 1 1 1 1 0.999999 0.999984 1.00006 1.00021 0.999469 0.998951 1.01622 1.00721 0.663782 0.0992147 2.03964 1.22922 0.940994 0.5 
1 1 1 1 1 1 1 1 1 1 1 1 1 1 1 1 1 1 1 1 1 1 1 1 1 1 1 1 1 1 0.999991 1.00001 1.00016 1.00003 0.998942 1.00854 1.01134 0.72012 0.264419 1.12397 2.10836 0.839586 0.5 
1 1 1 1 1 1 1 1 1 1 1 1 1 1 1 1 1 1 1 1 1 1 1 1 1 1 1 1 1 1 0.999995 1 1.0001 1.0001 0.999402 1.00028 1.01429 0.867977 0.319943 0.62363 1.67486 1.74903 0.5 
1 1 1 1 1 1 1 1 1 1 1 1 1 1 1 1 1 1 1 1 1 1 1 1 1 1 1 1 1 1 0.999997 0.999998 1.00005 1.0001 0.999759 0.999798 1.00705 0.955885 0.470387 0.519772 -0.106977 2.874 0.5 
1 1 1 1 1 1 1 1 1 1 1 1 1 1 1 1 1 1 1 1 1 1 1 1 1 1 1 1 1 1 0.999998 0.999997 1.00002 1.00009 0.999865 0.999786 1.00477 0.973221 0.577199 0.512115 -0.0664675 1.58249 0.5 
1 1 1 1 1 1 1 1 1 1 1 1 1 1 1 1 1 1 1 1 1 1 1 1 1 1 1 1 1 1 1 0.999997 1 1.00006 1.00012 0.999703 1.00193 0.992358 0.835811 0.448989 0.00473641 0.871627 0.5 
1 1 1 1 1 1 1 1 1 1 1 1 1 1 1 1 1 1 1 1 1 1 1 1 1 1 1 1 1 1 1 1 0.999997 0.999984 1.00009 1.00008 0.999928 1.00145 1.00959 0.634436 0.087273 0.530416 0.5 
1 1 1 1 1 1 1 1 1 1 1 1 1 1 1 1 1 1 1 1 1 1 1 1 1 1 1 1 1 1 1 1 1 0.999995 0.999996 1.00009 1.00006 0.999837 1.00255 0.999749 0.172881 0.40841 0.5 
1 1 1 1 1 1 1 1 1 1 1 1 1 1 1 1 1 1 1 1 1 1 1 1 1 1 1 1 1 1 1 1 1 1 0.999995 1.00001 1.00009 1.00004 1.00011 1.00228 0.608086 0.235705 0.5 
1 1 1 1 1 1 1 1 1 1 1 1 1 1 1 1 1 1 1 1 1 1 1 1 1 1 1 1 1 1 1 1 1 1 0.999999 0.999995 1.00002 1.00009 1.00004 1.00033 0.987473 0.282399 0.5 
1 1 1 1 1 1 1 1 1 1 1 1 1 1 1 1 1 1 1 1 1 1 1 1 1 1 1 1 1 1 1 1 1 1 1 0.999999 0.999992 1.00003 1.00008 1.00007 0.999181 0.684966 0.5 
1 1 1 1 1 1 1 1 1 1 1 1 1 1 1 1 1 1 1 1 1 1 1 1 1 1 1 1 1 1 1 1 1 1 1 1 0.999998 0.999979 1.00005 1.00008 0.999983 1.05554 0.5 
1 1 1 1 1 1 1 1 1 1 1 1 1 1 1 1 1 1 1 1 1 1 1 1 1 1 1 1 1 1 1 1 1 1 1 1 1 0.999994 0.99993 1.00011 1.00007 1.00686 0.5 
1 1 1 1 1 1 1 1 1 1 1 1 1 1 1 1 1 1 1 1 1 1 1 1 1 1 1 1 1 1 1 1 1 1 1 1 1 1 0.999987 0.999949 1.00011 1.00077 0.5 
1 1 1 1 1 1 1 1 1 1 1 1 1 1 1 1 1 1 1 1 1 1 1 1 1 1 1 1 1 1 1 1 1 1 1 1 1 1 1 0.999979 0.99993 1.00021 0.5 
1 1 1 1 1 1 1 1 1 1 1 1 1 1 1 1 1 1 1 1 1 1 1 1 1 1 1 1 1 1 1 1 1 1 1 1 1 1 1 1.00001 0.999964 0.999958 0.5 
1 1 1 1 1 1 1 1 1 1 1 1 1 1 1 1 1 1 1 1 1 1 1 1 1 1 1 1 1 1 1 1 1 1 1 1 1 1 1 1 1.00005 0.999922 0.5 
1 1 1 1 1 1 1 1 1 1 1 1 1 1 1 1 1 1 1 1 1 1 1 1 1 1 1 1 1 1 1 1 1 1 1 1 1 1 1 1 1.00001 1.00004 0.5 
1 1 1 1 1 1 1 1 1 1 1 1 1 1 1 1 1 1 1 1 1 1 1 1 1 1 1 1 1 1 1 1 1 1 1 1 1 1 1 1 1 1.00001 0.5 
1 1 1 1 1 1 1 1 1 1 1 1 1 1 1 1 1 1 1 1 1 1 1 1 1 1 1 1 1 1 1 1 1 1 1 1 1 1 1 1 1 1 0.5 
1 1 1 1 1 1 1 1 1 1 1 1 1 1 1 1 1 1 1 1 1 1 1 1 1 1 1 1 1 1 1 1 1 1 1 1 1 1 1 1 1 1 0.5 
1 1 1 1 1 1 1 1 1 1 1 1 1 1 1 1 1 1 1 1 1 1 1 1 1 1 1 1 1 1 1 1 1 1 1 1 1 1 1 1 1 1 0.5 
1 1 1 1 1 1 1 1 1 1 1 1 1 1 1 1 1 1 1 1 1 1 1 1 1 1 1 1 1 1 1 1 1 1 1 1 1 1 1 1 1 1 0.5 
