No, norma, norm_delta_time, elapsed_norm_time
0, 44.9576, 0.00185797, 0
1, 3.14443, 0.00185797, 0.00185797
2, 2.81419, 0.00186999, 0.00372796
3, 2.60524, 0.00188496, 0.00561292
4, 2.44545, 0.0018946, 0.00750753
5, 2.31841, 0.00190178, 0.00940931
6, 2.21794, 0.00191186, 0.0113212
7, 2.13606, 0.00192386, 0.013245
8, 2.06314, 0.00193284, 0.0151779
9, 1.99833, 0.00194037, 0.0171182
10, 1.94348, 0.00195034, 0.0190686
11, 1.89079, 0.00195627, 0.0210248
12, 1.84538, 0.00196457, 0.0229894
13, 1.80574, 0.00197479, 0.0249642
14, 1.76792, 0.00198328, 0.0269475
15, 1.73335, 0.00199214, 0.0289396
16, 1.70233, 0.00200226, 0.0309419
17, 1.67174, 0.0020103, 0.0329522
18, 1.64416, 0.00201967, 0.0349719
19, 1.61689, 0.00202726, 0.0369991
20, 1.59155, 0.00203532, 0.0390344
21, 1.56707, 0.00204267, 0.0410771
22, 1.54352, 0.00204952, 0.0431266
23, 1.5214, 0.00205671, 0.0451833
24, 1.49941, 0.00206258, 0.0472459
25, 1.47927, 0.00206963, 0.0493155
26, 1.45869, 0.00207473, 0.0513903
27, 1.43995, 0.00208124, 0.0534715
28, 1.42094, 0.00208617, 0.0555577
29, 1.40344, 0.00209224, 0.0576499
30, 1.3858, 0.00209701, 0.0597469
31, 1.36943, 0.00210276, 0.0618497
32, 1.35295, 0.00210736, 0.063957
33, 1.33762, 0.00211287, 0.0660699
34, 1.32216, 0.0021173, 0.0681872
35, 1.30777, 0.00212264, 0.0703099
36, 1.29319, 0.00212687, 0.0724367
37, 1.27967, 0.00213212, 0.0745689
38, 1.26587, 0.00213614, 0.076705
39, 1.25315, 0.00214133, 0.0788463
40, 1.24003, 0.00214514, 0.0809915
41, 1.22806, 0.00215032, 0.0831418
42, 1.21555, 0.0021539, 0.0852957
43, 1.20427, 0.0021591, 0.0874548
44, 1.19229, 0.00216245, 0.0896172
45, 1.18166, 0.00216771, 0.0917849
46, 1.17016, 0.00217082, 0.0939558
47, 1.16002, 0.00217593, 0.0961317
48, 1.14907, 0.00217903, 0.0983107
49, 1.13932, 0.00218391, 0.100495
50, 1.12894, 0.00218709, 0.102682
51, 1.11955, 0.00219174, 0.104873
52, 1.10969, 0.00219502, 0.107068
53, 1.10062, 0.00219942, 0.109268
54, 1.09127, 0.00220283, 0.111471
55, 1.08249, 0.00220699, 0.113678
56, 1.0736, 0.00221053, 0.115888
57, 1.06509, 0.00221445, 0.118103
58, 1.05665, 0.00221814, 0.120321
59, 1.04838, 0.0022218, 0.122543
60, 1.04036, 0.00222566, 0.124768
61, 1.03231, 0.00222907, 0.126997
62, 1.0247, 0.00223311, 0.12923
63, 1.01684, 0.00223625, 0.131467
64, 1.00961, 0.00224048, 0.133707
65, 1.00193, 0.00224336, 0.135951
66, 0.995077, 0.00224779, 0.138198
67, 0.987562, 0.0022504, 0.140449
68, 0.980951, 0.00225479, 0.142704
69, 0.973699, 0.00225738, 0.144961
70, 0.967241, 0.00226152, 0.147222
71, 0.960347, 0.0022643, 0.149487
72, 0.954075, 0.00226819, 0.151755
73, 0.947626, 0.00227117, 0.154026
74, 0.941749, 0.0022748, 0.156301
75, 0.936189, 0.00227798, 0.158579
76, 0.9316, 0.00228136, 0.16086
77, 0.928609, 0.00228476, 0.163145
78, 0.928248, 0.00228788, 0.165433
79, 0.932506, 0.0022915, 0.167724
80, 0.942892, 0.00229435, 0.170019
81, 0.961834, 0.00229821, 0.172317
82, 0.988751, 0.0023008, 0.174618
83, 1.0228, 0.00230494, 0.176923
84, 1.05821, 0.00230728, 0.17923
85, 1.09082, 0.00231126, 0.181541
86, 1.1143, 0.00231425, 0.183855
87, 1.12603, 0.00231824, 0.186174
88, 1.12491, 0.00232368, 0.188497
89, 1.11112, 0.00232979, 0.190827
90, 1.08679, 0.00233719, 0.193164
91, 1.05473, 0.00234667, 0.195511
92, 1.01709, 0.00235713, 0.197868
93, 0.976282, 0.00236832, 0.200236
94, 0.934744, 0.00238085, 0.202617
95, 0.89432, 0.00239496, 0.205012
96, 0.856459, 0.00241099, 0.207423
97, 0.821205, 0.00242616, 0.209849
98, 0.789579, 0.00244137, 0.212291
99, 0.762461, 0.00245831, 0.214749
100, 0.739971, 0.00247723, 0.217226
101, 0.72056, 0.00249317, 0.21972
102, 0.705384, 0.00251078, 0.22223
103, 0.694187, 0.00253053, 0.224761
104, 0.68554, 0.0025487, 0.22731
105, 0.679531, 0.00256702, 0.229877
106, 0.676287, 0.00258754, 0.232464
107, 0.674643, 0.00260733, 0.235071
108, 0.674313, 0.00262651, 0.237698
109, 0.675764, 0.00264804, 0.240346
110, 0.677956, 0.00266885, 0.243015
111, 0.680699, 0.00268911, 0.245704
112, 0.684646, 0.00271197, 0.248416
113, 0.688545, 0.00273327, 0.251149
114, 0.692835, 0.00275494, 0.253904
115, 0.697976, 0.00277957, 0.256684
116, 0.702405, 0.0028008, 0.259484
117, 0.707355, 0.00282431, 0.262309
118, 0.712656, 0.00284908, 0.265158
119, 0.717309, 0.00287184, 0.26803
120, 0.722731, 0.00289782, 0.270928
121, 0.727451, 0.00292178, 0.273849
122, 0.732435, 0.0029471, 0.276796
123, 0.737545, 0.00297389, 0.27977
124, 0.742113, 0.00299888, 0.282769
125, 0.747376, 0.00302777, 0.285797
126, 0.751645, 0.003053, 0.28885
127, 0.756482, 0.00308178, 0.291932
128, 0.760975, 0.00310942, 0.295041
129, 0.764451, 0.0031343, 0.298175
130, 0.757873, 0.00311726, 0.301293
131, 0.751439, 0.00310175, 0.304394
132, 0.745837, 0.0030889, 0.307483
133, 0.738975, 0.00307174, 0.310555
134, 0.733293, 0.00305884, 0.313614
135, 0.726943, 0.00304381, 0.316658
136, 0.720871, 0.00302957, 0.319687
137, 0.715267, 0.00301756, 0.322705
138, 0.708845, 0.00300203, 0.325707
139, 0.70337, 0.0029904, 0.328697
140, 0.697178, 0.00297595, 0.331673
141, 0.691508, 0.00296328, 0.334637
142, 0.685835, 0.00295106, 0.337588
143, 0.679972, 0.00293741, 0.340525
144, 0.674774, 0.00292715, 0.343452
145, 0.668703, 0.00291255, 0.346365
146, 0.663416, 0.00290163, 0.349266
147, 0.6577, 0.00288854, 0.352155
148, 0.652326, 0.00287687, 0.355032
149, 0.646967, 0.00286523, 0.357897
150, 0.641519, 0.00285286, 0.36075
151, 0.636505, 0.00284256, 0.363592
152, 0.630975, 0.00282953, 0.366422
153, 0.626179, 0.0028199, 0.369242
154, 0.620695, 0.00280684, 0.372049
155, 0.615876, 0.00279668, 0.374845
156, 0.610704, 0.00278477, 0.37763
157, 0.605868, 0.00277411, 0.380404
158, 0.601013, 0.00276329, 0.383168
159, 0.59615, 0.00275215, 0.38592
160, 0.591623, 0.00274241, 0.388662
161, 0.586741, 0.0027308, 0.391393
162, 0.582544, 0.00272216, 0.394115
163, 0.577658, 0.0027101, 0.396825
164, 0.57351, 0.00270126, 0.399526
165, 0.568913, 0.00269008, 0.402216
166, 0.564778, 0.00268086, 0.404897
167, 0.560514, 0.00267078, 0.407568
168, 0.5564, 0.00266117, 0.410229
169, 0.552471, 0.00265223, 0.412882
170, 0.548377, 0.00264223, 0.415524
171, 0.54479, 0.00263446, 0.418158
172, 0.540715, 0.00262407, 0.420782
173, 0.537293, 0.00261662, 0.423399
174, 0.53342, 0.00260673, 0.426006
175, 0.530023, 0.00259893, 0.428605
176, 0.526491, 0.00259024, 0.431195
177, 0.523112, 0.00258208, 0.433777
178, 0.519924, 0.00257466, 0.436352
179, 0.516555, 0.00256612, 0.438918
180, 0.513711, 0.00256001, 0.441478
181, 0.510344, 0.00255108, 0.444029
182, 0.507545, 0.00254483, 0.446574
183, 0.504471, 0.00253702, 0.449111
184, 0.501665, 0.00253041, 0.451641
185, 0.498924, 0.00252398, 0.454165
186, 0.496099, 0.00251699, 0.456682
187, 0.493691, 0.00251201, 0.459194
188, 0.490832, 0.00250462, 0.461699
189, 0.488459, 0.00249962, 0.464198
190, 0.485858, 0.00249337, 0.466692
191, 0.483441, 0.00248799, 0.46918
192, 0.481167, 0.00248329, 0.471663
193, 0.478695, 0.0024775, 0.47414
194, 0.47664, 0.00247384, 0.476614
195, 0.474219, 0.00246822, 0.479082
196, 0.472103, 0.00246416, 0.481547
197, 0.470013, 0.00246021, 0.484007
198, 0.467828, 0.00245573, 0.486463
199, 0.466005, 0.00245313, 0.488916
200, 0.463817, 0.00244857, 0.491364
201, 0.461926, 0.00244556, 0.49381
202, 0.460076, 0.00244274, 0.496253
203, 0.458112, 0.00243929, 0.498692
204, 0.456469, 0.00243752, 0.501129
205, 0.454566, 0.00243434, 0.503564
206, 0.452855, 0.00243214, 0.505996
207, 0.451291, 0.00243071, 0.508427
208, 0.449508, 0.00242805, 0.510855
209, 0.448014, 0.00242693, 0.513282
210, 0.446424, 0.00242525, 0.515707
211, 0.444863, 0.00242369, 0.51813
212, 0.443554, 0.00242347, 0.520554
213, 0.44196, 0.00242166, 0.522976
214, 0.440588, 0.00242104, 0.525397
215, 0.43929, 0.00242079, 0.527817
216, 0.43785, 0.00241974, 0.530237
217, 0.436635, 0.00241992, 0.532657
218, 0.435317, 0.00241951, 0.535077
219, 0.434034, 0.0024193, 0.537496
220, 0.432947, 0.00242017, 0.539916
221, 0.431608, 0.00241965, 0.542336
222, 0.430452, 0.00242016, 0.544756
223, 0.429331, 0.00242088, 0.547177
224, 0.428102, 0.00242103, 0.549598
225, 0.427045, 0.00242218, 0.55202
226, 0.425871, 0.00242269, 0.554443
227, 0.424743, 0.00242351, 0.556866
228, 0.423738, 0.00242507, 0.559291
229, 0.422537, 0.00242556, 0.561717
230, 0.42149, 0.00242697, 0.564144
231, 0.420411, 0.00242824, 0.566572
232, 0.419296, 0.00242936, 0.569001
233, 0.418316, 0.0024313, 0.571433
234, 0.41717, 0.00243231, 0.573865
235, 0.41613, 0.00243397, 0.576299
236, 0.415104, 0.00243575, 0.578735
237, 0.414007, 0.00243715, 0.581172
238, 0.413036, 0.00243931, 0.583611
239, 0.411943, 0.00244076, 0.586052
240, 0.410925, 0.00244266, 0.588495
241, 0.409932, 0.00244473, 0.590939
242, 0.408871, 0.00244639, 0.593386
243, 0.407928, 0.00244875, 0.595834
244, 0.406871, 0.00245041, 0.598285
245, 0.405894, 0.00245254, 0.600737
246, 0.404921, 0.00245467, 0.603192
247, 0.403913, 0.00245657, 0.605649
248, 0.403014, 0.0024591, 0.608108
249, 0.401977, 0.00246075, 0.610569
250, 0.401057, 0.00246308, 0.613032
251, 0.40008, 0.00246503, 0.615497
252, 0.399136, 0.00246714, 0.617964
253, 0.398212, 0.00246934, 0.620433
254, 0.397246, 0.00247122, 0.622904
255, 0.396365, 0.0024736, 0.625378
256, 0.395377, 0.00247527, 0.627853
257, 0.3945, 0.00247759, 0.630331
258, 0.393519, 0.00247921, 0.63281
259, 0.392624, 0.00248134, 0.635291
260, 0.391665, 0.00248301, 0.637774
261, 0.390751, 0.00248494, 0.640259
262, 0.389805, 0.00248662, 0.642746
263, 0.388873, 0.00248834, 0.645234
264, 0.387935, 0.00249, 0.647724
265, 0.386985, 0.00249153, 0.650216
266, 0.386052, 0.00249314, 0.652709
267, 0.385082, 0.00249448, 0.655203
268, 0.384152, 0.00249603, 0.657699
269, 0.383164, 0.00249717, 0.660197
270, 0.382239, 0.00249868, 0.662695
271, 0.381232, 0.00249962, 0.665195
272, 0.380315, 0.0025011, 0.667696
273, 0.37929, 0.00250183, 0.670198
274, 0.378386, 0.00250331, 0.672701
275, 0.377343, 0.00250382, 0.675205
276, 0.376427, 0.00250513, 0.67771
277, 0.375399, 0.00250563, 0.680216
278, 0.37447, 0.00250674, 0.682722
279, 0.373465, 0.00250729, 0.68523
280, 0.372524, 0.00250819, 0.687738
281, 0.371552, 0.00250882, 0.690247
282, 0.370599, 0.00250951, 0.692756
283, 0.369666, 0.00251025, 0.695267
284, 0.368702, 0.00251072, 0.697777
285, 0.367817, 0.00251163, 0.700289
286, 0.366842, 0.00251186, 0.702801
287, 0.366, 0.00251291, 0.705314
288, 0.365026, 0.00251295, 0.707827
289, 0.364177, 0.00251378, 0.71034
290, 0.363259, 0.00251403, 0.712854
291, 0.362404, 0.00251463, 0.715369
292, 0.361546, 0.00251511, 0.717884
293, 0.360684, 0.00251547, 0.7204
294, 0.35989, 0.0025162, 0.722916
295, 0.359022, 0.00251632, 0.725432
296, 0.358284, 0.00251724, 0.727949
297, 0.357424, 0.0025172, 0.730467
298, 0.356689, 0.0025179, 0.732984
299, 0.355907, 0.00251812, 0.735503
300, 0.355186, 0.00251859, 0.738021
301, 0.354508, 0.00251912, 0.74054
302, 0.353835, 0.00251935, 0.74306
303, 0.353315, 0.0025202, 0.74558
304, 0.352771, 0.00252019, 0.7481
305, 0.352478, 0.00252099, 0.750621
306, 0.352292, 0.00252112, 0.753142
307, 0.35245, 0.0025217, 0.755664
308, 0.35299, 0.00252218, 0.758186
309, 0.354054, 0.00252254, 0.760709
310, 0.355905, 0.00252338, 0.763232
311, 0.358571, 0.00252351, 0.765755
312, 0.362468, 0.00252441, 0.76828
313, 0.367567, 0.00252464, 0.770805
314, 0.374129, 0.00252534, 0.77333
315, 0.382062, 0.00252598, 0.775856
316, 0.391169, 0.00252646, 0.778382
317, 0.401209, 0.00252756, 0.78091
318, 0.411446, 0.00252784, 0.783438
319, 0.421498, 0.00252888, 0.785967
320, 0.430545, 0.00252961, 0.788496
321, 0.438058, 0.00253051, 0.791027
322, 0.443642, 0.0025321, 0.793559
323, 0.446757, 0.00253303, 0.796092
324, 0.447487, 0.00253468, 0.798627
325, 0.445859, 0.00253701, 0.801164
326, 0.442025, 0.00253994, 0.803703
327, 0.436176, 0.00254296, 0.806246
328, 0.428776, 0.00254683, 0.808793
329, 0.420193, 0.00255154, 0.811345
330, 0.410801, 0.00255709, 0.813902
331, 0.400929, 0.00256335, 0.816465
332, 0.390819, 0.00256975, 0.819035
333, 0.380827, 0.0025768, 0.821612
334, 0.37119, 0.00258457, 0.824196
335, 0.362097, 0.00259314, 0.826789
336, 0.353635, 0.00260218, 0.829392
337, 0.345766, 0.00261069, 0.832002
338, 0.33871, 0.00261994, 0.834622
339, 0.332497, 0.00263004, 0.837252
340, 0.326947, 0.00263961, 0.839892
341, 0.322118, 0.00264932, 0.842541
342, 0.318052, 0.00265987, 0.845201
343, 0.314576, 0.00267024, 0.847871
344, 0.31162, 0.0026803, 0.850552
345, 0.309261, 0.00269122, 0.853243
346, 0.307325, 0.00270199, 0.855945
347, 0.305731, 0.00271238, 0.858657
348, 0.304571, 0.00272365, 0.861381
349, 0.30366, 0.00273456, 0.864115
350, 0.302973, 0.00274526, 0.866861
351, 0.302598, 0.00275688, 0.869618
352, 0.302317, 0.00276775, 0.872385
353, 0.302205, 0.00277878, 0.875164
354, 0.302326, 0.00279078, 0.877955
355, 0.302404, 0.00280142, 0.880756
356, 0.302653, 0.00281281, 0.883569
357, 0.303024, 0.00282464, 0.886394
358, 0.303352, 0.00283549, 0.889229
359, 0.303833, 0.00284729, 0.892077
360, 0.304315, 0.00285867, 0.894935
361, 0.304816, 0.00286991, 0.897805
362, 0.305458, 0.00288217, 0.900687
363, 0.30597, 0.00289297, 0.90358
364, 0.306597, 0.00290466, 0.906485
365, 0.307245, 0.00291639, 0.909401
366, 0.307851, 0.00292757, 0.912329
367, 0.308576, 0.00293979, 0.915269
368, 0.309191, 0.00295087, 0.91822
369, 0.309881, 0.00296257, 0.921182
370, 0.310598, 0.00297452, 0.924157
371, 0.311256, 0.0029858, 0.927142
372, 0.312019, 0.00299813, 0.930141
373, 0.312693, 0.00300949, 0.93315
374, 0.313413, 0.00302139, 0.936171
375, 0.314191, 0.00303372, 0.939205
376, 0.314874, 0.00304527, 0.94225
377, 0.315687, 0.00305793, 0.945308
378, 0.31641, 0.00306986, 0.948378
379, 0.317184, 0.00308218, 0.95146
380, 0.318029, 0.00309531, 0.954556
381, 0.31877, 0.00310735, 0.957663
382, 0.319627, 0.0031206, 0.960784
383, 0.320456, 0.00313359, 0.963917
384, 0.321288, 0.00314658, 0.967064
385, 0.32225, 0.00316097, 0.970225
386, 0.323069, 0.00317386, 0.973399
387, 0.323998, 0.00318801, 0.976587
388, 0.324984, 0.00320258, 0.979789
389, 0.325885, 0.00321657, 0.983006
390, 0.326969, 0.00323215, 0.986238
391, 0.326367, 0.00323128, 0.989469
392, 0.325623, 0.00322862, 0.992698
393, 0.324925, 0.00322664, 0.995925
394, 0.324209, 0.00322405, 0.999149
395, 0.323483, 0.00322164, 1.00237
396, 0.322832, 0.00321951, 1.00559
397, 0.322077, 0.00321669, 1.00881
398, 0.32144, 0.00321455, 1.01202
399, 0.320691, 0.00321166, 1.01523
400, 0.320033, 0.00320915, 1.01844
401, 0.319316, 0.00320647, 1.02165
402, 0.318635, 0.00320362, 1.02485
403, 0.317944, 0.00320109, 1.02805
404, 0.31724, 0.00319789, 1.03125
405, 0.316564, 0.00319542, 1.03445
406, 0.315846, 0.003192, 1.03764
407, 0.31515, 0.00318923, 1.04083
408, 0.314455, 0.00318596, 1.04401
409, 0.31374, 0.00318291, 1.0472
410, 0.313073, 0.00317985, 1.05038
411, 0.312336, 0.00317651, 1.05355
412, 0.311704, 0.00317377, 1.05673
413, 0.310947, 0.00317013, 1.0599
414, 0.310308, 0.00316728, 1.06306
415, 0.30958, 0.00316386, 1.06623
416, 0.308917, 0.00316076, 1.06939
417, 0.308244, 0.00315783, 1.07255
418, 0.307556, 0.00315446, 1.0757
419, 0.306919, 0.00315184, 1.07885
420, 0.306233, 0.00314849, 1.082
421, 0.305578, 0.00314564, 1.08515
422, 0.30496, 0.00314299, 1.08829
423, 0.304284, 0.00313987, 1.09143
424, 0.30369, 0.00313749, 1.09457
425, 0.303046, 0.00313466, 1.0977
426, 0.302426, 0.00313203, 1.10083
427, 0.301871, 0.00313008, 1.10396
428, 0.301224, 0.0031272, 1.10709
429, 0.30065, 0.00312502, 1.11022
430, 0.300091, 0.00312309, 1.11334
431, 0.299495, 0.00312065, 1.11646
432, 0.298947, 0.00311886, 1.11958
433, 0.298413, 0.00311706, 1.1227
434, 0.297839, 0.00311502, 1.12581
435, 0.29734, 0.00311358, 1.12892
436, 0.296807, 0.00311199, 1.13204
437, 0.296284, 0.00311031, 1.13515
438, 0.295792, 0.00310916, 1.13826
439, 0.295304, 0.00310785, 1.14136
440, 0.294788, 0.00310647, 1.14447
441, 0.294339, 0.00310559, 1.14758
442, 0.29386, 0.00310461, 1.15068
443, 0.293387, 0.00310349, 1.15378
444, 0.292939, 0.00310284, 1.15689
445, 0.292507, 0.00310219, 1.15999
446, 0.292039, 0.00310131, 1.16309
447, 0.291621, 0.00310084, 1.16619
448, 0.291207, 0.00310054, 1.16929
449, 0.290765, 0.00309986, 1.17239
450, 0.290353, 0.00309956, 1.17549
451, 0.289975, 0.00309958, 1.17859
452, 0.289543, 0.00309907, 1.18169
453, 0.289144, 0.0030989, 1.18479
454, 0.288775, 0.00309905, 1.18789
455, 0.28837, 0.00309885, 1.19099
456, 0.287984, 0.00309881, 1.19409
457, 0.287618, 0.00309905, 1.19718
458, 0.287244, 0.00309914, 1.20028
459, 0.28686, 0.00309919, 1.20338
460, 0.286506, 0.0030995, 1.20648
461, 0.286148, 0.00309983, 1.20958
462, 0.285775, 0.00309997, 1.21268
463, 0.285423, 0.00310034, 1.21578
464, 0.285082, 0.00310084, 1.21888
465, 0.284716, 0.00310105, 1.22198
466, 0.28437, 0.00310148, 1.22509
467, 0.284039, 0.00310208, 1.22819
468, 0.28368, 0.00310236, 1.23129
469, 0.283339, 0.00310284, 1.23439
470, 0.283013, 0.00310348, 1.2375
471, 0.282661, 0.00310382, 1.2406
472, 0.282327, 0.00310435, 1.2437
473, 0.282001, 0.00310495, 1.24681
474, 0.281657, 0.00310535, 1.24991
475, 0.281331, 0.00310593, 1.25302
476, 0.280999, 0.00310643, 1.25613
477, 0.280666, 0.0031069, 1.25923
478, 0.280345, 0.00310748, 1.26234
479, 0.280007, 0.00310785, 1.26545
480, 0.279686, 0.00310839, 1.26856
481, 0.279348, 0.00310871, 1.27167
482, 0.279024, 0.00310916, 1.27478
483, 0.278683, 0.00310939, 1.27789
484, 0.278345, 0.00310963, 1.28099
485, 0.278006, 0.0031098, 1.2841
486, 0.277649, 0.00310975, 1.28721
487, 0.277281, 0.00310953, 1.29032
488, 0.276899, 0.0031091, 1.29343
489, 0.276497, 0.00310841, 1.29654
490, 0.276076, 0.00310745, 1.29965
491, 0.275638, 0.00310623, 1.30276
492, 0.275186, 0.00310481, 1.30586
493, 0.274716, 0.00310313, 1.30896
494, 0.274219, 0.00310108, 1.31206
495, 0.273717, 0.00309892, 1.31516
496, 0.273223, 0.00309678, 1.31826
497, 0.272681, 0.00309404, 1.32135
498, 0.272152, 0.00309138, 1.32445
499, 0.271626, 0.0030887, 1.32753
500, 0.271065, 0.00308556, 1.33062
501, 0.270538, 0.00308275, 1.3337
502, 0.269967, 0.00307939, 1.33678
503, 0.269421, 0.00307626, 1.33986
504, 0.268864, 0.00307296, 1.34293
505, 0.268304, 0.00306958, 1.346
506, 0.267758, 0.00306634, 1.34907
507, 0.267189, 0.00306278, 1.35213
508, 0.266654, 0.0030596, 1.35519
509, 0.26608, 0.00305596, 1.35825
510, 0.265552, 0.00305282, 1.3613
511, 0.264979, 0.00304917, 1.36435
512, 0.264455, 0.00304609, 1.36739
513, 0.263886, 0.00304251, 1.37044
514, 0.263363, 0.00303946, 1.37348
515, 0.262803, 0.00303603, 1.37651
516, 0.262277, 0.00303301, 1.37954
517, 0.26173, 0.0030298, 1.38257
518, 0.261197, 0.00302681, 1.3856
519, 0.260665, 0.00302387, 1.38862
520, 0.260123, 0.00302089, 1.39165
521, 0.259609, 0.00301831, 1.39466
522, 0.259055, 0.00301532, 1.39768
523, 0.258562, 0.00301314, 1.40069
524, 0.257992, 0.00301014, 1.4037
525, 0.257496, 0.00300808, 1.40671
526, 0.256935, 0.00300537, 1.40972
527, 0.256422, 0.00300329, 1.41272
528, 0.255886, 0.00300104, 1.41572
529, 0.255354, 0.00299893, 1.41872
530, 0.254845, 0.00299716, 1.42172
531, 0.254296, 0.00299501, 1.42471
532, 0.253814, 0.00299371, 1.42771
533, 0.253252, 0.00299153, 1.4307
534, 0.252757, 0.00299018, 1.43369
535, 0.252234, 0.0029885, 1.43668
536, 0.251733, 0.00298708, 1.43966
537, 0.25126, 0.00298592, 1.44265
538, 0.250767, 0.00298441, 1.44563
539, 0.250358, 0.00298368, 1.44862
540, 0.249909, 0.00298216, 1.4516
541, 0.24956, 0.00298134, 1.45458
542, 0.24925, 0.00298031, 1.45756
543, 0.249028, 0.00297938, 1.46054
544, 0.248949, 0.00297885, 1.46352
545, 0.248972, 0.00297779, 1.4665
546, 0.249249, 0.00297745, 1.46947
547, 0.24973, 0.00297656, 1.47245
548, 0.250562, 0.00297609, 1.47543
549, 0.251788, 0.00297567, 1.4784
550, 0.253466, 0.00297506, 1.48138
551, 0.255742, 0.0029751, 1.48435
552, 0.258555, 0.00297434, 1.48733
553, 0.262065, 0.00297424, 1.4903
554, 0.266202, 0.00297396, 1.49327
555, 0.270934, 0.0029737, 1.49625
556, 0.276198, 0.00297392, 1.49922
557, 0.281732, 0.00297351, 1.5022
