1 0.95 0.9 0.85 0.8 0.75 0.7 0.65 0.6 0.55 0.5 0.45 0.4 0.35 0.3 0.25 0.2 0.15 0.1 0.05 0 -0.05 -0.1 -0.15 -0.2 -0.25 -0.3 -0.35 -0.4 -0.45 -0.5 -0.55 -0.6 -0.65 -0.7 -0.75 -0.8 -0.85 -0.9 -0.95 -1 
1 0.8525 0.8075 0.7625 0.7175 0.6725 0.6275 0.5825 0.5375 0.4925 0.4475 0.4025 0.3575 0.3125 0.2675 0.2225 0.1775 0.1325 0.0875 0.0425 -0.00125 -0.045 -0.09 -0.135 -0.18 -0.225 -0.27 -0.315 -0.36 -0.405 -0.45 -0.495 -0.54 -0.585 -0.63 -0.675 -0.72 -0.765 -0.81 -0.855 -0.95125 
1 -10.0773 -2.1805 -2.0635 -1.9465 -1.8295 -1.7125 -1.5955 -1.4785 -1.3615 -1.2445 -1.1275 -1.0105 -0.8935 -0.7765 -0.6595 -0.5425 -0.4255 -0.3085 -0.1915 -0.0329687 0.116969 0.234 0.351 0.468 0.585 0.702 0.819 0.936 1.053 1.17 1.287 1.404 1.521 1.638 1.755 1.872 1.989 2.106 4.12053 4.42825 
77.2472 -54.5164 -28.6813 -2.7958 -2.63728 -2.47876 -2.32023 -2.16171 -2.00319 -1.84467 -1.68615 -1.52763 -1.36911 -1.21059 -1.05207 -0.893544 -0.735023 -0.576502 -0.417981 -0.271522 -0.0483922 0.143567 0.296293 0.454803 0.613324 0.771845 0.930366 1.08889 1.24741 1.40593 1.56445 1.72297 1.88149 2.04001 2.19854 2.35706 2.51558 2.6741 2.83262 23.1439 8.41782 
6241.6 -4604.35 -1561.38 -78.0289 -3.50119 -3.29074 -3.08029 -2.86984 -2.65939 -2.44894 -2.23849 -2.02804 -1.81759 -1.60715 -1.3967 -1.18625 -0.975799 -0.76535 -0.549692 -0.375207 -0.0691466 0.172041 0.365703 0.577815 0.78827 0.998719 1.20917 1.41962 1.63007 1.84051 2.05096 2.26141 2.47186 2.68231 2.89276 3.10321 3.31366 3.52411 3.73455 568.291 -471.805 
2.81765e+07 -2.29764e+07 -5.11194e+06 -87978 -192.717 -4.29228 -4.01778 -3.74328 -3.46878 -3.19428 -2.91978 -2.64528 -2.37078 -2.09628 -1.82178 -1.54728 -1.27279 -1.00117 -0.704768 -0.505585 -0.096509 0.202046 0.441007 0.72253 0.996162 1.27066 1.54516 1.81965 2.09415 2.36865 2.64315 2.91765 3.19215 3.46665 3.74115 4.01565 4.29015 4.56465 4.83915 234087 -233659 
4.11316e+14 -3.50465e+14 -6.06183e+13 -2.32995e+11 -8.78383e+06 -423.915 -5.16055 -4.80797 -4.4554 -4.10283 -3.75025 -3.39768 -3.0451 -2.69253 -2.33995 -1.98738 -1.6329 -1.29579 -0.88572 -0.664911 -0.131891 0.233298 0.520618 0.892235 1.23981 1.59302 1.9456 2.29818 2.65075 3.00333 3.3559 3.70848 4.06105 4.41363 4.7662 5.11878 5.47135 5.82393 6.1765 2.83897e+10 -2.83895e+10 
6.41369e+28 -5.6083e+28 -8.04851e+27 -5.35434e+24 -7.75866e+17 -1.41163e+09 -825.092 -6.09326 -5.64643 -5.19961 -4.75278 -4.30596 -3.85913 -3.4123 -2.96548 -2.52008 -2.06102 -1.66284 -1.09756 -0.854928 -0.176801 0.265596 0.602738 1.09128 1.52075 1.97235 2.41859 2.86541 3.31224 3.75906 4.20589 4.65272 5.09954 5.54637 5.99319 6.44002 6.88685 7.33367 -6.68193 3.05546e+20 -3.05546e+20 
1.16333e+57 -1.03567e+57 -1.27641e+56 -1.21873e+52 -1.17484e+42 -3.09736e+26 -3.29388e+11 -1418.16 -7.07345 -6.5137 -5.95394 -5.39419 -4.83444 -4.27469 -3.71373 -3.16468 -2.56067 -2.11591 -1.34833 -1.07755 -0.232827 0.298825 0.685529 1.32533 1.83799 2.41847 2.97272 3.53311 4.09287 4.65262 5.21237 5.77213 6.33188 6.89163 7.45138 8.01114 8.57089 9.13064 -21.8919 2.64021e+40 -2.64021e+40 
2.90629e+113 -2.6224e+113 -2.83886e+112 -3.34067e+107 -3.07483e+93 -6.94763e+67 -2.28363e+37 -1.00316e+14 -2151.41 -8.07969 -7.38536 -6.69104 -5.99671 -5.30349 -4.599 -3.94833 -3.1374 -2.66679 -1.64899 -1.33568 -0.301646 0.332943 0.767275 1.60161 2.18626 2.94907 3.61443 4.31604 5.00959 5.7039 6.39822 7.09255 7.78687 8.4812 9.17552 9.86985 10.5642 53.7672 -82.3041 1.49697e+80 -1.49697e+80 
1.40007e+226 -1.27667e+226 -1.234e+225 -1.57199e+219 -1.69701e+200 -6.94763e+67 -2.28363e+37 3.56734e+16 -3.57737e+16 -2879.51 -9.08532 -8.23118 -7.37594 -6.53221 -5.63207 -4.90489 -3.80385 -3.32473 -2.01283 -1.63398 -0.385077 0.367965 0.846484 1.92923 2.55334 3.59839 4.3383 5.23834 6.08166 6.93688 7.79105 8.64519 9.49934 10.3535 11.2076 12.0618 12.9159 836.281 -883.317 3.7145e+159 -3.7145e+159 
