1 1 0.975 0.95 0.925 0.9 0.875 0.85 0.825 0.8 0.775 0.75 0.725 0.7 0.675 0.65 0.625 0.6 0.575 0.55 0.525 0.5 0.475 0.45 0.425 0.4 0.375 0.35 0.325 0.3 0.275 0.25 0.225 0.2 0.175 0.15 0.125 0.1 0.075 0.05 0.025 0 0 
1 1 1.01203 0.986094 0.960156 0.934219 0.908281 0.882344 0.856406 0.830469 0.804531 0.778594 0.752656 0.726719 0.700781 0.674844 0.648906 0.622969 0.597031 0.571094 0.545156 0.519219 0.493281 0.467344 0.441406 0.415469 0.389531 0.363594 0.337656 0.311719 0.285781 0.259844 0.233906 0.207969 0.182031 0.156094 0.130156 0.104219 0.0782812 0.0523437 0.0264062 0.00046875 0 
1 1 0.994092 1.0245 0.997567 0.970632 0.943698 0.916763 0.889828 0.862894 0.835959 0.809024 0.78209 0.755155 0.72822 0.701286 0.674351 0.647417 0.620482 0.593547 0.566613 0.539678 0.512743 0.485809 0.458874 0.431939 0.405005 0.37807 0.351136 0.324201 0.297266 0.270332 0.243397 0.216462 0.189528 0.162593 0.135659 0.108724 0.0817892 0.0548546 0.02792 0.000985338 -0.00046875 
1 1 1.00272 0.979564 1.03744 1.00944 0.981444 0.953447 0.92545 0.897454 0.869457 0.84146 0.813463 0.785466 0.757469 0.729473 0.701476 0.673479 0.645482 0.617485 0.589489 0.561492 0.533495 0.505498 0.477501 0.449504 0.421508 0.393511 0.365514 0.337517 0.30952 0.281523 0.253527 0.22553 0.197533 0.169536 0.141539 0.113543 0.0855458 0.0575489 0.0295521 0.00155529 -0.000985338 
1 1 0.998783 1.01274 0.953048 1.05087 1.02174 0.992609 0.963479 0.934349 0.905219 0.876089 0.846959 0.817828 0.788698 0.759568 0.730438 0.701308 0.672178 0.643048 0.613918 0.584787 0.555657 0.526527 0.497397 0.468267 0.439137 0.410007 0.380877 0.351746 0.322616 0.293486 0.264356 0.235226 0.206096 0.176966 0.147836 0.118705 0.0895753 0.0604451 0.031315 0.0021849 -0.00155529 
1 1 1.00052 0.992702 1.0368 0.910967 1.06483 1.03449 1.00415 0.973805 0.943463 0.913122 0.882781 0.852439 0.822098 0.791757 0.761415 0.731074 0.700733 0.670391 0.64005 0.609709 0.579367 0.549026 0.518684 0.488343 0.458002 0.42766 0.397319 0.366978 0.336636 0.306295 0.275954 0.245612 0.215271 0.18493 0.154588 0.124247 0.0939054 0.0635641 0.0332227 0.00288136 -0.0021849 
1 1 0.999788 1.00368 0.973765 1.08359 0.85071 1.07935 1.04771 1.01607 0.984437 0.952798 0.92116 0.889522 0.857884 0.826246 0.794607 0.762969 0.731331 0.699693 0.668055 0.636417 0.604778 0.57314 0.541502 0.509864 0.478226 0.446587 0.414949 0.383311 0.351673 0.320035 0.288397 0.256758 0.22512 0.193482 0.161844 0.130206 0.0985675 0.0669293 0.0352911 0.00365293 -0.00288136 
1 1 1.00008 0.998284 1.0147 0.927199 1.1625 0.773915 1.09429 1.06127 1.02824 0.99522 0.962196 0.929173 0.896149 0.863125 0.830101 0.797077 0.764053 0.73103 0.698006 0.664982 0.631958 0.598934 0.565911 0.532887 0.499863 0.466839 0.433815 0.400791 0.367768 0.334744 0.30172 0.268696 0.235672 0.202649 0.169625 0.136601 0.103577 0.0705534 0.0375295 0.00450573 -0.00365293 
1 1 0.999976 1.0006 0.99338 1.03683 0.845269 1.25937 0.708143 1.10719 1.07276 1.03833 1.0039 0.969469 0.935038 0.900607 0.866176 0.831745 0.797314 0.762883 0.728452 0.694021 0.65959 0.625159 0.590728 0.556297 0.521866 0.487435 0.453004 0.418573 0.384142 0.349711 0.31528 0.280849 0.246418 0.211987 0.177556 0.143125 0.108694 0.0742633 0.0398323 0.00540132 -0.00450573 
1 1 1 0.999857 1.00196 0.984296 1.05998 0.740341 1.35403 0.675782 1.11746 1.08162 1.04578 1.00993 0.97409 0.938247 0.902404 0.866561 0.830718 0.794875 0.759032 0.723189 0.687346 0.651503 0.61566 0.579817 0.543974 0.508131 0.472288 0.436445 0.400602 0.364759 0.328916 0.293073 0.25723 0.221387 0.185544 0.149701 0.113858 0.0780149 0.0421718 0.00632883 -0.00540132 
1 1 1 1.00002 0.999628 1.00372 0.974281 1.05908 0.642104 1.43835 0.678749 1.12528 1.08801 1.05075 1.01348 0.976214 0.938948 0.901681 0.864415 0.827149 0.789883 0.752616 0.71535 0.678084 0.640818 0.603551 0.566285 0.529019 0.491753 0.454487 0.41722 0.379954 0.342688 0.305422 0.268155 0.230889 0.193623 0.156357 0.11909 0.0818242 0.044558 0.00729174 -0.00632883 
1 1 1 0.999999 1.00004 0.999446 1.00465 0.969171 1.01199 0.574572 1.51729 0.705239 1.13102 1.09231 1.05359 1.01488 0.976162 0.937448 0.898733 0.860019 0.821304 0.78259 0.743875 0.705161 0.666446 0.627732 0.589017 0.550303 0.511588 0.472874 0.434159 0.395445 0.35673 0.318016 0.279301 0.240586 0.201872 0.163157 0.124443 0.0857283 0.0470138 0.00829927 -0.00729174 
1 1 1 1 0.999999 1.00003 0.999494 1.00379 0.970058 0.917611 0.542508 1.59736 0.744552 1.13485 1.09466 1.05446 1.01426 0.974068 0.933872 0.893676 0.853479 0.813283 0.773087 0.732891 0.692694 0.652498 0.612302 0.572106 0.531909 0.491713 0.451517 0.41132 0.371124 0.330928 0.290732 0.250535 0.210339 0.170143 0.129947 0.0897503 0.049554 0.00935778 -0.00829927 
1 1 1 1 1 1 0.999998 0.999749 1.00132 0.964095 0.799665 0.537527 1.68228 0.79044 1.13673 1.09502 1.05331 1.01159 0.969881 0.928167 0.886454 0.84474 0.803027 0.761313 0.7196 0.677886 0.636173 0.594459 0.552746 0.511032 0.469318 0.427605 0.385891 0.344178 0.302464 0.260751 0.219037 0.177324 0.13561 0.0938967 0.0521832 0.0104696 -0.00935778 
1 1 1 1 1 1 1 0.999971 0.999918 0.996709 0.92896 0.693801 0.549385 1.77361 0.839206 1.13652 1.09326 1.04999 1.00673 0.963465 0.9202 0.876935 0.83367 0.790405 0.74714 0.703875 0.66061 0.617345 0.57408 0.530815 0.48755 0.444285 0.40102 0.357755 0.31449 0.271225 0.22796 0.184695 0.14143 0.0981648 0.0548998 0.0116348 -0.0104696 
1 1 1 1 1 1 1 0.999996 0.999963 0.999419 0.984128 0.85517 0.625305 0.571033 1.8716 0.888123 1.13405 1.08921 1.04436 0.99951 0.954662 0.909814 0.864966 0.820118 0.77527 0.730422 0.685574 0.640726 0.595877 0.551029 0.506181 0.461333 0.416485 0.371637 0.326789 0.281941 0.237093 0.192244 0.147396 0.102548 0.0577002 0.0128521 -0.0116348 
1 1 1 1 1 1 1 0.999999 0.999989 0.999854 0.996282 0.950219 0.761676 0.597051 0.598568 1.97574 0.934766 1.12916 1.0827 1.03624 0.989782 0.943322 0.896862 0.850402 0.803942 0.757482 0.711022 0.664562 0.618101 0.571641 0.525181 0.478721 0.432261 0.385801 0.339341 0.292881 0.246421 0.19996 0.1535 0.10704 0.0605801 0.01412 -0.0128521 
1 1 1 1 1 1 1 1 0.999997 0.999957 0.998989 0.984255 0.884199 0.681961 0.59788 0.629942 2.08488 0.976858 1.12171 1.07361 1.02551 0.977415 0.929316 0.881218 0.833119 0.78502 0.736921 0.688822 0.640723 0.592624 0.544525 0.496426 0.448327 0.400229 0.35213 0.304031 0.255932 0.207833 0.159734 0.111635 0.0635363 0.0154374 -0.01412 
1 1 1 1 1 1 1 1 0.999999 0.999986 0.999685 0.994767 0.951451 0.795902 0.636591 0.61578 0.663972 2.19724 1.01236 1.1116 1.06183 1.01207 0.962308 0.912545 0.862781 0.813018 0.763255 0.713491 0.663728 0.613964 0.564201 0.514438 0.464674 0.414911 0.365148 0.315384 0.265621 0.215857 0.166094 0.116331 0.0665673 0.0168039 -0.0154374 
1 1 1 1 1 1 1 1 1 0.999995 0.99989 0.998115 0.980226 0.888677 0.714488 0.624676 0.64292 0.699792 2.31046 1.03965 1.09875 1.0473 0.995845 0.944391 0.892937 0.841483 0.790029 0.738575 0.687121 0.635667 0.584214 0.53276 0.481306 0.429852 0.378398 0.326944 0.27549 0.224036 0.172582 0.121128 0.069674 0.0182201 -0.0168039 
1 1 1 1 1 1 1 1 1 0.999998 0.999958 0.999266 0.991714 0.944217 0.805137 0.663718 0.635414 0.675004 0.736581 2.42164 1.05773 1.08314 1.02997 0.976798 0.923625 0.870452 0.81728 0.764107 0.710934 0.657761 0.604589 0.551416 0.498243 0.44507 0.391897 0.338725 0.285552 0.232379 0.179206 0.126034 0.0728609 0.0196881 -0.0182201 
1 1 1 1 1 1 1 1 1 0.999999 0.999983 0.999695 0.996371 0.972695 0.880489 0.728052 0.646802 0.658936 0.709661 0.773442 2.52746 1.06629 1.06477 1.00985 0.954921 0.899997 0.845073 0.790149 0.735225 0.680301 0.625377 0.570453 0.515529 0.460605 0.405681 0.350757 0.295833 0.240908 0.185984 0.13106 0.0761363 0.0212122 -0.0196881 
1 1 1 1 1 1 1 1 1 1 0.999992 0.999866 0.99834 0.986529 0.931194 0.800813 0.67995 0.654235 0.689061 0.745372 0.809378 2.6245 1.06573 1.04366 0.986944 0.930229 0.873515 0.8168 0.760086 0.703372 0.646657 0.589943 0.533228 0.476514 0.4198 0.363085 0.306371 0.249656 0.192942 0.136228 0.0795132 0.0227988 -0.0212122 
1 1 1 1 1 1 1 1 1 1 0.999997 0.999938 0.999211 0.993228 0.961519 0.865346 0.731094 0.664039 0.675692 0.722289 0.78094 0.84333 2.70953 1.05696 1.01985 0.961301 0.902748 0.844196 0.785643 0.72709 0.668537 0.609985 0.551432 0.492879 0.434326 0.375774 0.317221 0.258668 0.200115 0.141563 0.0830098 0.024457 -0.0227988 
1 1 1 1 1 1 1 1 1 1 0.999998 0.99997 0.999613 0.996528 0.978676 0.913978 0.790419 0.689934 0.671371 0.704258 0.756536 0.815279 0.874245 2.77988 1.04119 0.993411 0.93296 0.872509 0.812058 0.751608 0.691157 0.630706 0.570255 0.509805 0.449354 0.388903 0.328452 0.268002 0.207551 0.1471 0.0866495 0.0261988 -0.024457 
1 1 1 1 1 1 1 1 1 1 0.999999 0.999986 0.999806 0.99819 0.988189 0.947015 0.847236 0.730067 0.678188 0.692052 0.735932 0.790368 0.847367 0.901176 2.83362 1.01964 0.964378 0.901955 0.839533 0.77711 0.714687 0.652265 0.589842 0.52742 0.464997 0.402575 0.340152 0.27773 0.215307 0.152884 0.0904618 0.0280393 -0.0261988 
1 1 1 1 1 1 1 1 1 1 1 0.999993 0.999901 0.999044 0.993447 0.968105 0.894621 0.778983 0.697525 0.687024 0.719347 0.768377 0.822659 0.876273 0.923356 2.86967 0.993396 0.932791 0.868305 0.80382 0.739335 0.67485 0.610364 0.545879 0.481394 0.416909 0.352423 0.287938 0.223453 0.158968 0.0944824 0.0299971 -0.0280393 
1 1 1 1 1 1 1 1 1 1 1 0.999996 0.999949 0.999492 0.996362 0.981097 0.930395 0.829563 0.728959 0.690824 0.707467 0.749313 0.800088 0.852467 0.901211 0.940245 2.88774 0.9633 0.89866 0.832001 0.765342 0.698684 0.632025 0.565366 0.498707 0.432048 0.365389 0.29873 0.232072 0.165413 0.0987539 0.032095 -0.0299971 
1 1 1 1 1 1 1 1 1 1 1 0.999998 0.999974 0.999729 0.997984 0.988937 0.955566 0.875653 0.769681 0.704886 0.701423 0.73348 0.779655 0.829986 0.87901 0.921577 0.951542 2.8881 0.929919 0.861963 0.792996 0.72403 0.655063 0.586096 0.517129 0.448162 0.379195 0.310228 0.241261 0.172294 0.103327 0.0343604 -0.032095 
1 1 1 1 1 1 1 1 1 1 1 0.999999 0.999986 0.999856 0.99889 0.993605 0.972417 0.913655 0.81496 0.729698 0.702687 0.721535 0.761511 0.808948 0.857253 0.901673 0.936966 0.957153 2.87143 0.893585 0.822636 0.751199 0.679762 0.608325 0.536887 0.46545 0.394013 0.322575 0.251138 0.179701 0.108264 0.0368263 -0.0343604 
1 1 1 1 1 1 1 1 1 1 1 1 0.999993 0.999924 0.999394 0.996355 0.983297 0.942603 0.859521 0.764097 0.712793 0.714524 0.746026 0.78949 0.83623 0.881265 0.920017 0.947166 0.957148 2.8386 0.85444 0.780565 0.706462 0.632359 0.558256 0.484153 0.410049 0.335946 0.261843 0.18774 0.113637 0.0395335 -0.0368263 
1 1 1 1 1 1 1 1 1 1 1 1 0.999996 0.999961 0.999674 0.997958 0.990127 0.96331 0.89908 0.805033 0.732813 0.713871 0.733869 0.771856 0.816153 0.860829 0.901574 0.933772 0.952126 0.951705 2.79049 0.812479 0.735577 0.658572 0.581567 0.504562 0.427557 0.350552 0.273547 0.196542 0.119537 0.0425325 -0.0395335 
1 1 1 1 1 1 1 1 1 1 1 1 0.999998 0.99998 0.999828 0.998879 0.994311 0.97739 0.931231 0.848108 0.762663 0.721236 0.726088 0.756483 0.797247 0.840693 0.882274 0.917889 0.942823 0.95192 0.941059 2.72793 0.767574 0.687426 0.607234 0.527041 0.446849 0.366656 0.286464 0.206272 0.126079 0.0458868 -0.0425325 
1 1 1 1 1 1 1 1 1 1 1 1 0.999999 0.99999 0.999911 0.999401 0.996815 0.986563 0.955453 0.888772 0.800503 0.738137 0.724157 0.744094 0.779834 0.821128 0.862577 0.900262 0.930067 0.947181 0.946712 0.925461 2.65154 0.719487 0.635778 0.552049 0.468321 0.384592 0.300864 0.217135 0.133407 0.0496782 -0.0458868 
1 1 1 1 1 1 1 1 1 1 1 1 1 0.999995 0.999956 0.99969 0.998275 0.992314 0.972542 0.923556 0.842679 0.765279 0.72994 0.735814 0.764428 0.802428 0.842837 0.881471 0.914637 0.938094 0.946963 0.936714 0.905143 2.56172 0.667867 0.580181 0.492486 0.404792 0.317097 0.229403 0.141709 0.0540142 -0.0496782 
1 1 1 1 1 1 1 1 1 1 1 1 1 0.999998 0.999979 0.999845 0.999102 0.995788 0.983916 0.950749 0.884501 0.801717 0.74541 0.733293 0.75186 0.784996 0.823373 0.861968 0.897197 0.92537 0.942068 0.942367 0.922168 0.880293 2.45856 0.612221 0.520027 0.427829 0.335632 0.243434 0.151237 0.0590393 -0.0540142 
1 1 1 1 1 1 1 1 1 1 1 1 1 0.999999 0.99999 0.999927 0.999555 0.997805 0.991086 0.970324 0.92159 0.8443 0.771985 0.738759 0.743448 0.769461 0.804544 0.842125 0.878291 0.909706 0.932556 0.942195 0.933657 0.903318 0.851034 2.3418 0.55187 0.454488 0.357104 0.259721 0.162337 0.0649534 -0.0590393 
1 1 1 1 1 1 1 1 1 1 1 1 1 1 0.999996 0.999968 0.999793 0.998925 0.995366 0.983366 0.951118 0.888012 0.809418 0.754835 0.741222 0.756857 0.786858 0.822306 0.858364 0.891717 0.919074 0.936407 0.938786 0.921167 0.88041 0.817406 2.21068 0.485874 0.382417 0.278959 0.1755 0.0720423 -0.0649534 
1 1 1 1 1 1 1 1 1 1 1 1 1 1 0.999998 0.999987 0.999912 0.999514 0.997774 0.991421 0.972282 0.927387 0.854678 0.783802 0.748131 0.748911 0.771146 0.802954 0.837804 0.871914 0.902268 0.925496 0.937273 0.932285 0.905321 0.853697 0.77935 2.0638 0.412893 0.302172 0.191452 0.0807309 -0.0720423 
1 1 1 1 1 1 1 1 1 1 1 1 1 1 0.999999 0.999995 0.999966 0.999803 0.999037 0.996013 0.98594 0.958381 0.901766 0.826004 0.76799 0.748487 0.758863 0.784759 0.817024 0.850721 0.882697 0.910067 0.929301 0.935674 0.923327 0.886697 0.823472 0.736678 1.89879 0.330944 0.211314 0.0916827 -0.0807309 
1 1 1 1 1 1 1 1 1 1 1 1 1 1 1 0.999999 0.999989 0.999932 0.999641 0.998396 0.993826 0.979546 0.943363 0.877708 0.804516 0.760169 0.752685 0.76897 0.79661 0.828523 0.860803 0.890686 0.915327 0.930979 0.932393 0.912886 0.86618 0.790164 0.689055 1.71177 0.236937 0.106 -0.0916827 
1 1 1 1 1 1 1 1 1 1 1 1 1 1 1 1 0.999997 0.999982 0.999896 0.999486 0.997815 0.991893 0.973848 0.930093 0.858462 0.790571 0.757646 0.758113 0.77765 0.8058 0.836911 0.867754 0.895829 0.918317 0.931239 0.928657 0.902586 0.84533 0.754585 0.635972 1.49617 0.125674 -0.106 
1 1 1 1 1 1 1 1 1 1 1 1 1 1 1 1 1 0.999997 0.999982 0.999897 0.999488 0.997799 0.991629 0.971853 0.922684 0.846692 0.783199 0.757758 0.762609 0.783456 0.811292 0.841398 0.871009 0.897866 0.919259 0.931064 0.926519 0.895498 0.827363 0.718652 0.57679 1.23988 -0.125674 
1 1 1 1 1 1 1 1 1 1 1 1 1 1 1 1 1 1 1 1 0.999982 0.99984 0.999054 0.995341 0.979031 0.928025 0.845797 0.781472 0.758148 0.76396 0.78444 0.811301 0.840337 0.86913 0.895745 0.917851 0.931626 0.929687 0.89837 0.820316 0.687954 0.511212 -1.23988 
1 1 1 1 1 1 1 1 1 1 1 1 1 1 1 1 1 1 1 1 1.00001 1.00005 1.00023 1.0009 1.00318 1.00098 0.955191 0.859978 0.78508 0.757325 0.760657 0.779154 0.804369 0.832215 0.860516 0.887782 0.912519 0.932394 0.941307 0.920928 0.837682 0.670169 -0.511212 
1 1 1 1 1 1 1 1 1 1 1 1 1 1 1 1 1 1 1 0.999999 0.999997 0.999987 0.999965 0.999903 0.999756 1.00428 1.02215 0.989187 0.877195 0.789331 0.756875 0.75786 0.774517 0.798145 0.8247 0.852143 0.879225 0.90498 0.928822 0.9493 0.947132 0.859007 -0.670169 
1 1 1 1 1 1 1 1 1 1 1 1 1 1 1 1 1 1 1 1 1 1 0.999997 0.999994 0.999971 0.997627 0.995579 1.03784 1.03056 0.896772 0.793697 0.756765 0.755788 0.77088 0.793079 0.818378 0.844821 0.871263 0.896742 0.921079 0.950149 0.975794 -0.859007 
1 1 1 1 1 1 1 1 1 1 1 1 1 1 1 1 1 1 1 1 1 1 1 0.999999 1 1.00101 0.998529 0.975739 1.04144 1.08311 0.919616 0.798145 0.756856 0.75423 0.767989 0.788917 0.813039 0.838471 0.864188 0.889108 0.91084 0.940102 -0.975794 
1 1 1 1 1 1 1 1 1 1 1 1 1 1 1 1 1 1 1 1 1 1 1 1 0.999996 0.999617 1.00197 1.00689 0.94967 1.02181 1.14635 0.94263 0.801314 0.756978 0.753486 0.766356 0.786281 0.809388 0.833868 0.858854 0.883754 0.902597 -0.940102 
1 1 1 1 1 1 1 1 1 1 1 1 1 1 1 1 1 1 1 1 1 1 1 0.999998 1.00001 1.00011 0.99889 1.00042 1.02292 0.928762 0.96968 1.22106 0.962551 0.802179 0.756937 0.753559 0.766041 0.785265 0.807549 0.831183 0.855365 0.880575 -0.902597 
1 1 1 1 1 1 1 1 1 1 1 1 1 1 1 1 1 1 1 1 1 1 1 1 0.999996 0.999983 1.00039 0.998542 0.994953 1.04164 0.921967 0.882804 1.30927 0.976011 0.800263 0.756693 0.754391 0.766947 0.785748 0.807395 0.830314 0.853695 -0.880575 
1 1 1 1 1 1 1 1 1 1 1 1 1 1 1 1 1 1 1 1 1 1 1 1 1 0.999998 0.999924 1.00066 0.999051 0.987174 1.05658 0.923293 0.773755 1.41228 0.97909 0.795552 0.756384 0.756004 0.769026 0.787639 0.808812 0.83114 -0.853695 
1 1 1 1 1 1 1 1 1 1 1 1 1 1 1 1 1 1 1 1 1 1 1 1 1 1 1 0.999878 1.00076 0.999702 0.98125 1.06343 0.908522 0.671011 1.52922 0.968525 0.788665 0.756309 0.75848 0.772252 0.790862 0.811695 -0.83114 
1 1 1 1 1 1 1 1 1 1 1 1 1 1 1 1 1 1 1 1 1 1 1 1 1 1 1 1 0.999894 1.00074 0.999177 0.98102 1.05834 0.855005 0.603131 1.65538 0.943669 0.780826 0.756867 0.761913 0.776595 0.795321 -0.811695 
1 1 1 1 1 1 1 1 1 1 1 1 1 1 1 1 1 1 1 1 1 1 1 1 1 1 1 1 0.99999 0.999974 1.00059 0.99731 0.986899 1.03127 0.769528 0.578657 1.78174 0.908057 0.773559 0.758441 0.766361 0.781985 -0.795321 
1 1 1 1 1 1 1 1 1 1 1 1 1 1 1 1 1 1 1 1 1 1 1 1 1 1 1 1 0.999999 0.999987 1.00007 1.00007 0.995594 0.993576 0.967933 0.686976 0.586384 1.89728 0.868764 0.76819 0.761277 0.771802 -0.781985 
1 1 1 1 1 1 1 1 1 1 1 1 1 1 1 1 1 1 1 1 1 1 1 1 1 1 1 1 1 0.999997 1 1.00007 0.999126 0.995163 0.987816 0.870776 0.637018 0.610242 1.99336 0.833271 0.765457 0.765424 -0.771802 
1 1 1 1 1 1 1 1 1 1 1 1 1 1 1 1 1 1 1 1 1 1 1 1 1 1 1 1 1 0.999999 0.999999 1.00002 0.999837 0.998137 0.993298 0.952621 0.76963 0.622808 0.638454 2.06705 0.806248 0.765443 -0.765424 
1 1 1 1 1 1 1 1 1 1 1 1 1 1 1 1 1 1 1 1 1 1 1 1 1 1 1 1 1 1 0.999999 1 0.999971 0.999369 0.996794 0.981341 0.88398 0.696986 0.631294 0.664663 2.12068 0.788713 -0.765443 
1 1 1 1 1 1 1 1 1 1 1 1 1 1 1 1 1 1 1 1 1 1 1 1 1 1 1 1 1 1 1 1 0.999995 0.999795 0.998612 0.992152 0.948208 0.801539 0.662154 0.649369 0.686409 2.15922 -0.788713 
1 1 1 1 1 1 1 1 1 1 1 1 1 1 1 1 1 1 1 1 1 1 1 1 1 1 1 1 1 1 1 1 0.999999 0.999934 0.999433 0.996619 0.977825 0.89068 0.733019 0.655193 0.669223 0.703461 -2.15922 
1 1 1 1 1 1 1 1 1 1 1 1 1 1 1 1 1 1 1 1 1 1 1 1 1 1 1 1 1 1 1 1 1 1.00003 1.00018 1.00083 1.00566 1.0128 0.925015 0.736222 0.655287 0.668213 -0.703461 
1 1 1 1 1 1 1 1 1 1 1 1 1 1 1 1 1 1 1 1 1 1 1 1 1 1 1 1 1 1 1 1 1 0.999985 0.999958 0.999872 0.998488 1.00212 1.05099 0.96847 0.738685 0.655545 -0.668213 
1 1 1 1 1 1 1 1 1 1 1 1 1 1 1 1 1 1 1 1 1 1 1 1 1 1 1 1 1 1 1 1 1 1.00001 0.999997 0.999995 1.00046 0.996935 0.979389 1.08739 1.01862 0.738265 -0.655545 
1 1 1 1 1 1 1 1 1 1 1 1 1 1 1 1 1 1 1 1 1 1 1 1 1 1 1 1 1 1 1 1 1 0.999999 1.00001 0.999998 0.999818 1.00179 1.00331 0.933433 1.11851 1.07799 -0.738265 
1 1 1 1 1 1 1 1 1 1 1 1 1 1 1 1 1 1 1 1 1 1 1 1 1 1 1 1 1 1 1 1 1 1 0.999995 1.00001 1.00006 0.999142 1.00127 1.02417 0.863861 1.13767 -1.07799 
1 1 1 1 1 1 1 1 1 1 1 1 1 1 1 1 1 1 1 1 1 1 1 1 1 1 1 1 1 1 1 1 1 1 1 0.99999 0.999998 1.00035 0.998463 0.993595 1.0634 0.77638 -1.13767 
1 1 1 1 1 1 1 1 1 1 1 1 1 1 1 1 1 1 1 1 1 1 1 1 1 1 1 1 1 1 1 1 1 1 1 1.00001 0.999986 0.999853 1.00112 1.00043 0.962131 1.1488 -0.77638 
1 1 1 1 1 1 1 1 1 1 1 1 1 1 1 1 1 1 1 1 1 1 1 1 1 1 1 1 1 1 1 1 1 1 1 0.999998 1.00001 1.00003 0.999463 1.00134 1.01121 0.891545 -1.1488 
1 1 1 1 1 1 1 1 1 1 1 1 1 1 1 1 1 1 1 1 1 1 1 1 1 1 1 1 1 1 1 1 1 1 1 1 0.99999 1.00001 1.0003 0.998557 0.996471 1.06042 -0.891545 
1 1 1 1 1 1 1 1 1 1 1 1 1 1 1 1 1 1 1 1 1 1 1 1 1 1 1 1 1 1 1 1 1 1 1 1 1.00001 0.999984 0.999884 1.00102 0.999414 0.96739 -1.06042 
1 1 1 1 1 1 1 1 1 1 1 1 1 1 1 1 1 1 1 1 1 1 1 1 1 1 1 1 1 1 1 1 1 1 1 1 0.999997 1.00002 1.00003 0.999316 1.00182 1.01458 -0.96739 
1 1 1 1 1 1 1 1 1 1 1 1 1 1 1 1 1 1 1 1 1 1 1 1 1 1 1 1 1 1 1 1 1 1 1 1 1 0.999988 1.00001 1.00038 0.998115 0.995562 -1.01458 
1 1 1 1 1 1 1 1 1 1 1 1 1 1 1 1 1 1 1 1 1 1 1 1 1 1 1 1 1 1 1 1 1 1 1 1 1 1.00001 0.999979 0.999822 1.00151 0.999378 -0.995562 
1 1 1 1 1 1 1 1 1 1 1 1 1 1 1 1 1 1 1 1 1 1 1 1 1 1 1 1 1 1 1 1 1 1 1 1 1 0.999996 1.00002 1.00006 0.998982 1.00257 -0.999378 
1 1 1 1 1 1 1 1 1 1 1 1 1 1 1 1 1 1 1 1 1 1 1 1 1 1 1 1 1 1 1 1 1 1 1 1 1 1 0.999984 1 1.00059 0.9972 -1.00257 
1 1 1 1 1 1 1 1 1 1 1 1 1 1 1 1 1 1 1 1 1 1 1 1 1 1 1 1 1 1 1 1 1 1 1 1 1 1 1.00001 0.999974 0.99971 1.00228 -0.9972 
1 1 1 1 1 1 1 1 1 1 1 1 1 1 1 1 1 1 1 1 1 1 1 1 1 1 1 1 1 1 1 1 1 1 1 1 1 1 0.999995 1.00003 1.00011 0.998431 -1.00228 
1 1 1 1 1 1 1 1 1 1 1 1 1 1 1 1 1 1 1 1 1 1 1 1 1 1 1 1 1 1 1 1 1 1 1 1 1 1 1 0.999978 0.999989 1.00094 -0.998431 
1 1 1 1 1 1 1 1 1 1 1 1 1 1 1 1 1 1 1 1 1 1 1 1 1 1 1 1 1 1 1 1 1 1 1 1 1 0.999999 1 1.00001 0.999973 0.999514 -1.00094 
1 1 1 1 1 1 1 1 1 1 1 1 1 1 1 1 1 1 1 1 1 1 1 1 1 1 1 1 1 1 1 1 1 1 1 1 1 1 0.999999 0.999993 1.00003 1.0002 -0.999514 
1 1 1 1 1 1 1 1 1 1 1 1 1 1 1 1 1 1 1 1 1 1 1 1 1 1 1 1 1 1 1 1 1 1 1 1 1 1 1 1 0.999973 0.999949 -1.0002 
1 1 1 1 1 1 1 1 1 1 1 1 1 1 1 1 1 1 1 1 1 1 1 1 1 1 1 1 1 1 1 1 1 1 1 1 1 1 0.999999 1 1.00002 0.999985 -0.999949 
1 1 1 1 1 1 1 1 1 1 1 1 1 1 1 1 1 1 1 1 1 1 1 1 1 1 1 1 1 1 1 1 1 1 1 1 1 1 1 0.999998 0.999993 1.00003 -0.999985 
1 1 1 1 1 1 1 1 1 1 1 1 1 1 1 1 1 1 1 1 1 1 1 1 1 1 1 1 1 1 1 1 1 1 1 1 1 1 0.999999 1 1 0.999973 -1.00003 
1 1 1 1 1 1 1 1 1 1 1 1 1 1 1 1 1 1 1 1 1 1 1 1 1 1 1 1 1 1 1 1 1 1 1 1 1 1 1 0.999998 1 1.00001 -0.999973 
1 1 1 1 1 1 1 1 1 1 1 1 1 1 1 1 1 1 1 1 1 1 1 1 1 1 1 1 1 1 1 1 1 1 1 1 1 1 1 1 0.999996 0.999997 -1.00001 
1 1 1 1 1 1 1 1 1 1 1 1 1 1 1 1 1 1 1 1 1 1 1 1 1 1 1 1 1 1 1 1 1 1 1 1 1 1 1 0.999999 1 0.999995 -0.999997 
1 1 1 1 1 1 1 1 1 1 1 1 1 1 1 1 1 1 1 1 1 1 1 1 1 1 1 1 1 1 1 1 1 1 1 1 1 1 1 1 0.999996 1.00001 -0.999995 
1 1 1 1 1 1 1 1 1 1 1 1 1 1 1 1 1 1 1 1 1 1 1 1 1 1 1 1 1 1 1 1 1 1 1 1 1 1 1 1 1 0.99999 -1.00001 
1 1 1 1 1 1 1 1 1 1 1 1 1 1 1 1 1 1 1 1 1 1 1 1 1 1 1 1 1 1 1 1 1 1 1 1 1 1 1 1 0.999998 1.00001 -0.99999 
1 1 1 1 1 1 1 1 1 1 1 1 1 1 1 1 1 1 1 1 1 1 1 1 1 1 1 1 1 1 1 1 1 1 1 1 1 1 1 1 1 0.999992 -1.00001 
1 1 1 1 1 1 1 1 1 1 1 1 1 1 1 1 1 1 1 1 1 1 1 1 1 1 1 1 1 1 1 1 1 1 1 1 1 1 1 1 0.999999 1.00001 -0.999992 
1 1 1 1 1 1 1 1 1 1 1 1 1 1 1 1 1 1 1 1 1 1 1 1 1 1 1 1 1 1 1 1 1 1 1 1 1 1 1 1 1 0.999996 -1.00001 
1 1 1 1 1 1 1 1 1 1 1 1 1 1 1 1 1 1 1 1 1 1 1 1 1 1 1 1 1 1 1 1 1 1 1 1 1 1 1 1 1 1 -0.999996 
1 1 1 1 1 1 1 1 1 1 1 1 1 1 1 1 1 1 1 1 1 1 1 1 1 1 1 1 1 1 1 1 1 1 1 1 1 1 1 1 1 0.999998 -1 
1 1 1 1 1 1 1 1 1 1 1 1 1 1 1 1 1 1 1 1 1 1 1 1 1 1 1 1 1 1 1 1 1 1 1 1 1 1 1 1 1 1 -0.999998 
1 1 1 1 1 1 1 1 1 1 1 1 1 1 1 1 1 1 1 1 1 1 1 1 1 1 1 1 1 1 1 1 1 1 1 1 1 1 1 1 1 0.999999 -1 
1 1 1 1 1 1 1 1 1 1 1 1 1 1 1 1 1 1 1 1 1 1 1 1 1 1 1 1 1 1 1 1 1 1 1 1 1 1 1 1 1 1 -0.999999 
1 1 1 1 1 1 1 1 1 1 1 1 1 1 1 1 1 1 1 1 1 1 1 1 1 1 1 1 1 1 1 1 1 1 1 1 1 1 1 1 1 1 -1 
1 1 1 1 1 1 1 1 1 1 1 1 1 1 1 1 1 1 1 1 1 1 1 1 1 1 1 1 1 1 1 1 1 1 1 1 1 1 1 1 1 1 -1 
1 1 1 1 1 1 1 1 1 1 1 1 1 1 1 1 1 1 1 1 1 1 1 1 1 1 1 1 1 1 1 1 1 1 1 1 1 1 1 1 1 1 -1 
