No, norma, norm_delta_time, elapsed_time
1, 4.92566, 0.000650289, 0
2, 4.92566, 0.000650289, 0.000650289
3, 5.05904, 0.000653218, 0.00130351
4, 4.9629, 0.00065431, 0.00195782
5, 4.97497, 0.000662435, 0.00262025
6, 5.17218, 0.000668314, 0.00328857
7, 5.15934, 0.000672508, 0.00396107
8, 4.83601, 0.000677228, 0.0046383
9, 4.62904, 0.000681178, 0.00531948
10, 4.76088, 0.0006858, 0.00600528
11, 4.7595, 0.000690082, 0.00669536
12, 4.43158, 0.000691961, 0.00738732
13, 4.19965, 0.000694856, 0.00808218
14, 4.28766, 0.000697175, 0.00877935
15, 4.30462, 0.000700587, 0.00947994
16, 4.10109, 0.000704315, 0.0101843
17, 4.01473, 0.000706714, 0.010891
18, 4.0938, 0.000708064, 0.011599
19, 3.98291, 0.000708307, 0.0123073
20, 3.72042, 0.000708679, 0.013016
21, 3.66536, 0.00070961, 0.0137256
22, 3.73667, 0.000711905, 0.0144375
23, 3.66897, 0.000715578, 0.0151531
24, 3.60558, 0.000720881, 0.015874
25, 3.63283, 0.0007206, 0.0165946
26, 3.54108, 0.000720033, 0.0173146
27, 3.31737, 0.000719881, 0.0180345
28, 3.25249, 0.000720766, 0.0187553
29, 3.31593, 0.000723312, 0.0194786
30, 3.29923, 0.000727823, 0.0202064
31, 3.27692, 0.000731883, 0.0209383
32, 3.27204, 0.000731304, 0.0216696
33, 3.14355, 0.000730851, 0.0224004
34, 2.97439, 0.000731212, 0.0231317
35, 2.96933, 0.000733073, 0.0238647
36, 3.01404, 0.000737008, 0.0246017
37, 2.99945, 0.000742964, 0.0253447
38, 2.98197, 0.000742533, 0.0260872
39, 2.93598, 0.000742242, 0.0268295
40, 2.79767, 0.000742498, 0.027572
41, 2.72493, 0.000744047, 0.028316
42, 2.76092, 0.000747564, 0.0290636
43, 2.76749, 0.000753709, 0.0298173
44, 2.73397, 0.00075356, 0.0305709
45, 2.71662, 0.000753477, 0.0313243
46, 2.63616, 0.000753824, 0.0320782
47, 2.55135, 0.000755253, 0.0328334
48, 2.56076, 0.000758508, 0.0335919
49, 2.57582, 0.000764299, 0.0343562
50, 2.53682, 0.000764147, 0.0351204
51, 2.52176, 0.000764217, 0.0358846
52, 2.48125, 0.000764687, 0.0366493
53, 2.41078, 0.000766104, 0.0374154
54, 2.40236, 0.000769227, 0.0381846
55, 2.41284, 0.00077334, 0.0389579
56, 2.37755, 0.000774165, 0.0397321
57, 2.35848, 0.000774342, 0.0405064
58, 2.33821, 0.000774922, 0.0412814
59, 2.2858, 0.000776391, 0.0420578
60, 2.27019, 0.000779502, 0.0428373
61, 2.27287, 0.000781747, 0.043619
62, 2.24242, 0.000783272, 0.0444023
63, 2.2215, 0.000783854, 0.0451861
64, 2.20975, 0.000784538, 0.0459707
65, 2.17112, 0.000786112, 0.0467568
66, 2.15475, 0.000789326, 0.0475461
67, 2.15126, 0.000790152, 0.0483363
68, 2.12418, 0.000791784, 0.049128
69, 2.10413, 0.00079283, 0.0499209
70, 2.09554, 0.000793629, 0.0507145
71, 2.06584, 0.000795363, 0.0515099
72, 2.04871, 0.000797636, 0.0523075
73, 2.04342, 0.000798501, 0.053106
74, 2.01957, 0.000800324, 0.0539063
75, 2.00129, 0.000801368, 0.0547077
76, 1.99378, 0.000802309, 0.05551
77, 1.96967, 0.000804269, 0.0563143
78, 1.95342, 0.000805727, 0.05712
79, 1.94718, 0.00080675, 0.0579268
80, 1.92616, 0.000808841, 0.0587356
81, 1.90993, 0.000809564, 0.0595452
82, 1.90266, 0.000810687, 0.0603558
83, 1.88234, 0.000812949, 0.0611688
84, 1.86758, 0.000813657, 0.0619824
85, 1.86068, 0.000814886, 0.0627973
86, 1.84124, 0.000816844, 0.0636142
87, 1.82788, 0.000817498, 0.0644317
88, 1.8204, 0.000818855, 0.0652505
89, 1.80145, 0.000820694, 0.0660712
90, 1.78974, 0.000821426, 0.0668927
91, 1.78222, 0.000822921, 0.0677156
92, 1.76375, 0.000824407, 0.06854
93, 1.75356, 0.000825231, 0.0693652
94, 1.74562, 0.000826886, 0.0701921
95, 1.7277, 0.000828129, 0.0710202
96, 1.71895, 0.000829056, 0.0718493
97, 1.71078, 0.000830887, 0.0726802
98, 1.69344, 0.000831776, 0.0735119
99, 1.68592, 0.000832821, 0.0743448
100, 1.67741, 0.00083485, 0.0751796
101, 1.66076, 0.000835409, 0.076015
102, 1.65429, 0.000836584, 0.0768516
103, 1.64464, 0.000838349, 0.07769
104, 1.62956, 0.000838997, 0.078529
105, 1.62391, 0.00084032, 0.0793693
106, 1.61319, 0.000841819, 0.0802111
107, 1.59977, 0.000842566, 0.0810537
108, 1.5947, 0.000844056, 0.0818977
109, 1.58305, 0.00084525, 0.082743
110, 1.57132, 0.000846109, 0.0835891
111, 1.56661, 0.000847787, 0.0844369
112, 1.55419, 0.000848655, 0.0852855
113, 1.54414, 0.00084964, 0.0861352
114, 1.53953, 0.000851503, 0.0869867
115, 1.52658, 0.000852033, 0.0878387
116, 1.51814, 0.000853161, 0.0886919
117, 1.51263, 0.000854764, 0.0895466
118, 1.50012, 0.000855393, 0.090402
119, 1.49315, 0.000856681, 0.0912587
120, 1.48661, 0.000857997, 0.0921167
121, 1.47482, 0.000858738, 0.0929754
122, 1.46912, 0.000860205, 0.0938356
123, 1.46147, 0.000861208, 0.0946968
124, 1.45064, 0.000862073, 0.0955589
125, 1.44597, 0.000863742, 0.0964227
126, 1.43722, 0.0008644, 0.0972871
127, 1.42756, 0.000865405, 0.0981525
128, 1.42319, 0.000867025, 0.0990195
129, 1.41383, 0.000867578, 0.0998871
130, 1.40547, 0.000868741, 0.100756
131, 1.40076, 0.000870083, 0.101626
132, 1.39131, 0.000870748, 0.102497
133, 1.38429, 0.000872087, 0.103369
134, 1.37896, 0.000873124, 0.104242
135, 1.36969, 0.000873914, 0.105116
136, 1.36396, 0.000875451, 0.105991
137, 1.35781, 0.000876152, 0.106867
138, 1.34897, 0.000877083, 0.107744
139, 1.34414, 0.000878665, 0.108623
140, 1.33727, 0.000879172, 0.109502
141, 1.32915, 0.00088026, 0.110383
142, 1.32449, 0.000881568, 0.111264
143, 1.31734, 0.000882189, 0.112146
144, 1.31015, 0.000883452, 0.11303
145, 1.3054, 0.000884459, 0.113914
146, 1.29808, 0.000885207, 0.114799
147, 1.29195, 0.000886668, 0.115686
148, 1.28683, 0.000887343, 0.116573
149, 1.27952, 0.000888233, 0.117462
150, 1.27425, 0.00088974, 0.118351
151, 1.26874, 0.000890224, 0.119242
152, 1.26168, 0.000891273, 0.120133
153, 1.25674, 0.000892506, 0.121025
154, 1.2511, 0.000893107, 0.121919
155, 1.24454, 0.000894334, 0.122813
156, 1.23976, 0.000895266, 0.123708
157, 1.23396, 0.000895997, 0.124604
158, 1.22812, 0.000897423, 0.125502
159, 1.22326, 0.000898023, 0.1264
160, 1.21736, 0.000898899, 0.127298
161, 1.21205, 0.0009003, 0.128199
162, 1.20718, 0.000900781, 0.1291
163, 1.20131, 0.00090182, 0.130001
164, 1.19625, 0.000902946, 0.130904
165, 1.19148, 0.000903547, 0.131808
166, 1.18583, 0.000904768, 0.132713
167, 1.18097, 0.00090559, 0.133618
168, 1.17617, 0.000906324, 0.134525
169, 1.17097, 0.000907748, 0.135432
170, 1.16616, 0.000908235, 0.136341
171, 1.16129, 0.000909119, 0.13725
172, 1.15624, 0.000910393, 0.13816
173, 1.15172, 0.000910887, 0.139071
174, 1.14684, 0.000911938, 0.139983
175, 1.14189, 0.000912932, 0.140896
176, 1.13763, 0.00091355, 0.141809
177, 1.13286, 0.000914788, 0.142724
178, 1.12803, 0.000915473, 0.14364
179, 1.12388, 0.000916229, 0.144556
180, 1.11931, 0.000917616, 0.145473
181, 1.11461, 0.000918021, 0.146391
182, 1.11048, 0.000918931, 0.14731
183, 1.10578, 0.000920059, 0.14823
184, 1.10154, 0.000920579, 0.149151
185, 1.09742, 0.000921662, 0.150073
186, 1.0927, 0.000922504, 0.150995
187, 1.08879, 0.000923152, 0.151918
188, 1.08476, 0.000924428, 0.152843
189, 1.08006, 0.000924955, 0.153768
190, 1.07636, 0.000925747, 0.154693
191, 1.07223, 0.000926978, 0.15562
192, 1.06782, 0.000927416, 0.156548
193, 1.06423, 0.000928369, 0.157476
194, 1.05988, 0.000929334, 0.158406
195, 1.05592, 0.000929892, 0.159335
196, 1.0524, 0.000931024, 0.160266
197, 1.04792, 0.000931696, 0.161198
198, 1.04433, 0.000932388, 0.162131
199, 1.04087, 0.000933698, 0.163064
200, 1.03636, 0.000934067, 0.163998
201, 1.03303, 0.000934909, 0.164933
202, 1.02923, 0.000935972, 0.165869
203, 1.02515, 0.000936453, 0.166806
204, 1.02198, 0.000937463, 0.167743
205, 1.01792, 0.000938251, 0.168681
206, 1.01426, 0.000938858, 0.16962
207, 1.01121, 0.000940054, 0.17056
208, 1.00697, 0.00094054, 0.171501
209, 1.00367, 0.000941287, 0.172442
210, 1.00045, 0.000942426, 0.173385
211, 0.996351, 0.000942842, 0.174327
212, 0.993334, 0.000943746, 0.175271
213, 0.989782, 0.000944628, 0.176216
214, 0.986054, 0.000945162, 0.177161
215, 0.98324, 0.000946241, 0.178107
216, 0.979408, 0.00094684, 0.179054
217, 0.97606, 0.000947506, 0.180002
218, 0.973319, 0.000948704, 0.18095
219, 0.969343, 0.000949064, 0.181899
220, 0.966339, 0.000949877, 0.182849
221, 0.963279, 0.000950834, 0.1838
222, 0.959571, 0.000951306, 0.184751
223, 0.956852, 0.000952283, 0.185704
224, 0.953474, 0.000952974, 0.186657
225, 0.950093, 0.000953569, 0.18761
226, 0.947594, 0.00095473, 0.188565
227, 0.943933, 0.000955126, 0.18952
228, 0.940894, 0.00095586, 0.190476
229, 0.938229, 0.000956877, 0.191433
230, 0.934651, 0.000957294, 0.19239
231, 0.931936, 0.000958183, 0.193348
232, 0.928978, 0.000958949, 0.194307
233, 0.925638, 0.000959483, 0.195267
234, 0.923202, 0.000960545, 0.196227
235, 0.919943, 0.000961033, 0.197188
236, 0.916894, 0.000961698, 0.19815
237, 0.914506, 0.000962763, 0.199113
238, 0.911136, 0.000963133, 0.200076
239, 0.908399, 0.000963944, 0.20104
240, 0.905779, 0.000964772, 0.202005
241, 0.902561, 0.000965252, 0.20297
242, 0.900126, 0.000966227, 0.203936
243, 0.897233, 0.000966792, 0.204903
244, 0.894232, 0.000967397, 0.20587
245, 0.892017, 0.0009685, 0.206839
246, 0.888883, 0.000968827, 0.207808
247, 0.886148, 0.000969571, 0.208777
248, 0.883772, 0.000970449, 0.209748
249, 0.880729, 0.000970882, 0.210718
250, 0.878282, 0.00097178, 0.21169
251, 0.875686, 0.000972409, 0.212663
252, 0.872792, 0.00097296, 0.213636
253, 0.870627, 0.00097403, 0.21461
254, 0.867771, 0.000974384, 0.215584
255, 0.865081, 0.000975067, 0.216559
256, 0.86287, 0.000975986, 0.217535
257, 0.860023, 0.000976377, 0.218511
258, 0.857582, 0.000977207, 0.219489
259, 0.855209, 0.00097789, 0.220467
260, 0.852461, 0.000978393, 0.221445
261, 0.850288, 0.000979386, 0.222424
262, 0.8477, 0.000979807, 0.223404
263, 0.845101, 0.000980436, 0.224385
264, 0.843003, 0.000981389, 0.225366
265, 0.840342, 0.000981743, 0.226348
266, 0.83794, 0.000982511, 0.22733
267, 0.835728, 0.000983239, 0.228313
268, 0.833141, 0.0009837, 0.229297
269, 0.830975, 0.000984623, 0.230282
270, 0.828596, 0.000985103, 0.231267
271, 0.826116, 0.000985683, 0.232253
272, 0.824106, 0.000986664, 0.233239
273, 0.821604, 0.000986984, 0.234226
274, 0.819275, 0.000987697, 0.235214
275, 0.81718, 0.000988463, 0.236202
276, 0.814748, 0.000988886, 0.237191
277, 0.812613, 0.000989747, 0.238181
278, 0.810392, 0.000990276, 0.239171
279, 0.808045, 0.000990812, 0.240162
280, 0.806117, 0.000991816, 0.241154
281, 0.80374, 0.000992105, 0.242146
282, 0.801507, 0.000992768, 0.243139
283, 0.799506, 0.000993567, 0.244132
284, 0.797209, 0.000993954, 0.245126
285, 0.795131, 0.000994759, 0.246121
286, 0.793031, 0.000995331, 0.247116
287, 0.790813, 0.000995828, 0.248112
288, 0.788928, 0.000996789, 0.249109
289, 0.786709, 0.000997111, 0.250106
290, 0.784692, 0.000997729, 0.251104
291, 0.783389, 0.000998555, 0.252102
292, 0.784334, 0.000998911, 0.253101
293, 0.796024, 0.000999663, 0.254101
294, 0.838502, 0.00100027, 0.255101
295, 0.924217, 0.00100074, 0.256102
296, 1.00519, 0.00100175, 0.257104
297, 1.01322, 0.00100228, 0.258106
298, 0.954494, 0.00100405, 0.25911
299, 0.872988, 0.00100692, 0.260117
300, 0.798815, 0.00101103, 0.261128
301, 0.740644, 0.00101457, 0.262143
302, 0.699354, 0.00101916, 0.263162
303, 0.669792, 0.00102288, 0.264185
304, 0.649375, 0.00102752, 0.265212
305, 0.634065, 0.00103133, 0.266243
306, 0.622992, 0.00103599, 0.267279
307, 0.613916, 0.00103986, 0.268319
308, 0.607061, 0.00104457, 0.269364
309, 0.601, 0.00104847, 0.270412
310, 0.596405, 0.00105324, 0.271466
311, 0.592109, 0.00105718, 0.272523
312, 0.588968, 0.00106202, 0.273585
313, 0.585883, 0.00106598, 0.274651
314, 0.583756, 0.00107081, 0.275722
315, 0.581642, 0.0010749, 0.276796
316, 0.580313, 0.00107971, 0.277876
317, 0.578975, 0.00108393, 0.27896
318, 0.578304, 0.00108874, 0.280049
319, 0.577601, 0.00109309, 0.281142
320, 0.577481, 0.00109791, 0.28224
321, 0.577312, 0.00110238, 0.283342
322, 0.577655, 0.00110723, 0.284449
323, 0.577957, 0.00111181, 0.285561
324, 0.578679, 0.00111669, 0.286678
325, 0.579423, 0.00112137, 0.287799
326, 0.580446, 0.00112631, 0.288926
327, 0.581613, 0.00113109, 0.290057
328, 0.582869, 0.0011361, 0.291193
329, 0.584416, 0.00114095, 0.292334
330, 0.585877, 0.00114606, 0.29348
331, 0.58772, 0.00115098, 0.294631
332, 0.589465, 0.00115619, 0.295787
333, 0.591487, 0.00116117, 0.296948
334, 0.593652, 0.00116652, 0.298115
335, 0.595729, 0.00117154, 0.299286
336, 0.598351, 0.00117706, 0.300463
337, 0.600391, 0.00118209, 0.301645
338, 0.603378, 0.00118781, 0.302833
339, 0.605569, 0.00119284, 0.304026
340, 0.608671, 0.00119869, 0.305225
341, 0.611368, 0.0012038, 0.306429
342, 0.61431, 0.00120966, 0.307638
343, 0.617519, 0.00121499, 0.308853
344, 0.62037, 0.00122083, 0.310074
345, 0.623799, 0.00122644, 0.3113
346, 0.627166, 0.00123223, 0.312533
347, 0.630483, 0.00123816, 0.313771
348, 0.634307, 0.00124388, 0.315015
349, 0.636237, 0.00124719, 0.316262
350, 0.635721, 0.00124458, 0.317506
351, 0.634614, 0.00124102, 0.318748
352, 0.633379, 0.00123833, 0.319986
353, 0.632581, 0.00123509, 0.321221
354, 0.631344, 0.00123204, 0.322453
355, 0.630316, 0.00122944, 0.323682
356, 0.629235, 0.00122601, 0.324908
357, 0.627935, 0.00122345, 0.326132
358, 0.626779, 0.00122023, 0.327352
359, 0.625566, 0.00121728, 0.328569
360, 0.624185, 0.00121474, 0.329784
361, 0.622981, 0.00121139, 0.330995
362, 0.621738, 0.00120892, 0.332204
363, 0.620242, 0.00120581, 0.33341
364, 0.619077, 0.0012029, 0.334613
365, 0.617707, 0.00120046, 0.335814
366, 0.616304, 0.00119719, 0.337011
367, 0.615051, 0.00119474, 0.338206
368, 0.613351, 0.00119178, 0.339397
369, 0.612133, 0.00118888, 0.340586
370, 0.610738, 0.00118658, 0.341773
371, 0.609024, 0.00118337, 0.342956
372, 0.607857, 0.00118089, 0.344137
373, 0.606166, 0.00117812, 0.345315
374, 0.60474, 0.00117524, 0.34649
375, 0.603498, 0.00117309, 0.347663
376, 0.601622, 0.0011699, 0.348833
377, 0.600401, 0.00116737, 0.350001
378, 0.598739, 0.0011648, 0.351166
379, 0.597046, 0.00116191, 0.352327
380, 0.595925, 0.00115975, 0.353487
381, 0.593955, 0.00115674, 0.354644
382, 0.592469, 0.00115417, 0.355798
383, 0.591121, 0.00115185, 0.35695
384, 0.589197, 0.00114891, 0.358099
385, 0.587898, 0.00114666, 0.359246
386, 0.586209, 0.00114395, 0.360389
387, 0.584471, 0.00114129, 0.361531
388, 0.583261, 0.00113926, 0.36267
389, 0.58132, 0.00113626, 0.363806
390, 0.579766, 0.00113388, 0.36494
391, 0.578331, 0.00113152, 0.366072
392, 0.576464, 0.00112877, 0.3672
393, 0.575081, 0.0011267, 0.368327
394, 0.573404, 0.00112399, 0.369451
395, 0.57166, 0.0011215, 0.370573
396, 0.570305, 0.0011195, 0.371692
397, 0.568511, 0.00111666, 0.372809
398, 0.566921, 0.00111445, 0.373923
399, 0.565397, 0.00111216, 0.375035
400, 0.563684, 0.00110957, 0.376145
401, 0.562265, 0.00110765, 0.377253
402, 0.560562, 0.00110504, 0.378358
403, 0.558958, 0.00110271, 0.37946
404, 0.557578, 0.00110085, 0.380561
405, 0.555829, 0.00109817, 0.381659
406, 0.554359, 0.00109613, 0.382756
407, 0.552859, 0.001094, 0.38385
408, 0.551231, 0.00109158, 0.384941
409, 0.549918, 0.00108984, 0.386031
410, 0.548288, 0.00108743, 0.387118
411, 0.546803, 0.00108529, 0.388204
412, 0.545545, 0.00108364, 0.389287
413, 0.543899, 0.00108119, 0.390369
414, 0.542577, 0.00107936, 0.391448
415, 0.541217, 0.00107747, 0.392525
416, 0.539725, 0.00107531, 0.393601
417, 0.538581, 0.00107382, 0.394674
418, 0.537114, 0.00107169, 0.395746
419, 0.535796, 0.00106985, 0.396816
420, 0.534699, 0.00106845, 0.397884
421, 0.533257, 0.00106635, 0.398951
422, 0.532128, 0.00106488, 0.400016
423, 0.530928, 0.00106327, 0.401079
424, 0.52966, 0.00106152, 0.402141
425, 0.528732, 0.00106046, 0.403201
426, 0.527412, 0.00105861, 0.40426
427, 0.526329, 0.00105726, 0.405317
428, 0.525339, 0.00105611, 0.406373
429, 0.524141, 0.00105455, 0.407427
430, 0.523254, 0.00105364, 0.408481
431, 0.522133, 0.00105228, 0.409533
432, 0.521114, 0.00105115, 0.410585
433, 0.520266, 0.00105039, 0.411635
434, 0.519153, 0.00104912, 0.412684
435, 0.518322, 0.00104846, 0.413733
436, 0.517335, 0.0010475, 0.41478
437, 0.51639, 0.00104667, 0.415827
438, 0.515627, 0.00104625, 0.416873
439, 0.514599, 0.00104531, 0.417918
440, 0.513822, 0.00104493, 0.418963
441, 0.512912, 0.00104431, 0.420008
442, 0.512031, 0.00104379, 0.421051
443, 0.511305, 0.00104363, 0.422095
444, 0.510346, 0.00104301, 0.423138
445, 0.509605, 0.0010429, 0.424181
446, 0.508739, 0.00104255, 0.425223
447, 0.507902, 0.00104229, 0.426266
448, 0.507195, 0.00104235, 0.427308
449, 0.506283, 0.001042, 0.42835
450, 0.505563, 0.00104208, 0.429392
451, 0.50473, 0.00104195, 0.430434
452, 0.50392, 0.00104189, 0.431476
453, 0.503234, 0.00104212, 0.432518
454, 0.502351, 0.00104195, 0.43356
455, 0.501636, 0.00104215, 0.434602
456, 0.500841, 0.00104221, 0.435644
457, 0.500041, 0.00104226, 0.436687
458, 0.499384, 0.00104264, 0.437729
459, 0.498513, 0.00104257, 0.438772
460, 0.497788, 0.00104282, 0.439815
461, 0.49704, 0.00104303, 0.440858
462, 0.496233, 0.00104313, 0.441901
463, 0.495577, 0.00104355, 0.442944
464, 0.494739, 0.00104359, 0.443988
465, 0.493992, 0.00104383, 0.445032
466, 0.493295, 0.00104418, 0.446076
467, 0.492471, 0.00104427, 0.44712
468, 0.49178, 0.00104464, 0.448165
469, 0.491005, 0.00104483, 0.44921
470, 0.490229, 0.00104503, 0.450255
471, 0.489584, 0.0010455, 0.4513
472, 0.488739, 0.00104555, 0.452346
473, 0.488011, 0.00104585, 0.453392
474, 0.487298, 0.00104618, 0.454438
475, 0.486493, 0.00104632, 0.455484
476, 0.485814, 0.00104672, 0.456531
477, 0.485031, 0.00104691, 0.457578
478, 0.484267, 0.00104713, 0.458625
479, 0.483614, 0.00104759, 0.459672
480, 0.482782, 0.00104766, 0.46072
481, 0.482064, 0.00104798, 0.461768
482, 0.481348, 0.0010483, 0.462816
483, 0.480554, 0.00104844, 0.463865
484, 0.479884, 0.00104886, 0.464914
485, 0.479101, 0.00104903, 0.465963
486, 0.478349, 0.00104926, 0.467012
487, 0.477695, 0.00104971, 0.468062
488, 0.476877, 0.00104979, 0.469111
489, 0.47617, 0.00105011, 0.470162
490, 0.475457, 0.00105041, 0.471212
491, 0.474677, 0.00105057, 0.472263
492, 0.474018, 0.00105099, 0.473314
493, 0.473242, 0.00105114, 0.474365
494, 0.472503, 0.00105138, 0.475416
495, 0.471853, 0.00105181, 0.476468
496, 0.471052, 0.0010519, 0.47752
497, 0.470359, 0.00105223, 0.478572
498, 0.469652, 0.00105252, 0.479625
499, 0.468889, 0.00105268, 0.480677
500, 0.468245, 0.0010531, 0.48173
501, 0.467477, 0.00105324, 0.482784
502, 0.466755, 0.00105349, 0.483837
503, 0.466112, 0.0010539, 0.484891
504, 0.465329, 0.001054, 0.485945
505, 0.464652, 0.00105433, 0.486999
506, 0.463953, 0.0010546, 0.488054
507, 0.463207, 0.00105477, 0.489109
508, 0.462578, 0.0010552, 0.490164
509, 0.461821, 0.00105532, 0.491219
510, 0.461115, 0.00105557, 0.492275
511, 0.460479, 0.00105597, 0.493331
512, 0.459714, 0.00105606, 0.494387
513, 0.459051, 0.00105639, 0.495443
514, 0.458362, 0.00105666, 0.4965
515, 0.457631, 0.00105682, 0.497557
516, 0.457013, 0.00105724, 0.498614
517, 0.456267, 0.00105736, 0.499671
518, 0.455573, 0.00105759, 0.500729
519, 0.454946, 0.00105798, 0.501787
520, 0.454193, 0.00105806, 0.502845
521, 0.453538, 0.00105838, 0.503903
522, 0.452859, 0.00105863, 0.504962
523, 0.452136, 0.00105878, 0.506021
524, 0.451522, 0.00105917, 0.50708
525, 0.450788, 0.00105928, 0.508139
526, 0.450097, 0.00105949, 0.509199
527, 0.449479, 0.00105987, 0.510258
528, 0.448728, 0.00105992, 0.511318
529, 0.44807, 0.0010602, 0.512379
530, 0.447403, 0.00106044, 0.513439
531, 0.446677, 0.00106055, 0.5145
532, 0.446052, 0.00106089, 0.51556
533, 0.445331, 0.00106099, 0.516621
534, 0.44463, 0.00106115, 0.517683
535, 0.444024, 0.00106152, 0.518744
536, 0.443261, 0.00106151, 0.519806
537, 0.442585, 0.00106171, 0.520867
538, 0.441931, 0.00106196, 0.521929
539, 0.441186, 0.00106198, 0.522991
540, 0.440534, 0.00106223, 0.524054
541, 0.439831, 0.00106235, 0.525116
542, 0.439103, 0.0010624, 0.526178
543, 0.438476, 0.00106269, 0.527241
544, 0.43772, 0.00106267, 0.528304
545, 0.437009, 0.00106275, 0.529366
546, 0.436373, 0.00106301, 0.530429
547, 0.435593, 0.00106291, 0.531492
548, 0.4349, 0.00106303, 0.532555
549, 0.434218, 0.00106316, 0.533619
550, 0.433449, 0.00106308, 0.534682
551, 0.432774, 0.00106322, 0.535745
552, 0.432043, 0.00106322, 0.536808
553, 0.431286, 0.00106315, 0.537871
554, 0.430632, 0.00106333, 0.538935
555, 0.429849, 0.00106319, 0.539998
556, 0.429106, 0.00106314, 0.541061
557, 0.428451, 0.0010633, 0.542124
558, 0.427636, 0.00106306, 0.543187
559, 0.426909, 0.00106303, 0.54425
560, 0.42621, 0.00106306, 0.545313
561, 0.425407, 0.00106283, 0.546376
562, 0.424701, 0.00106284, 0.547439
563, 0.423954, 0.00106274, 0.548502
564, 0.423167, 0.00106252, 0.549564
565, 0.422486, 0.00106257, 0.550627
566, 0.42169, 0.00106233, 0.551689
567, 0.420924, 0.00106215, 0.552751
568, 0.420261, 0.00106222, 0.553813
569, 0.419427, 0.00106185, 0.554875
570, 0.418688, 0.00106172, 0.555937
571, 0.417982, 0.00106166, 0.556999
572, 0.417172, 0.00106132, 0.55806
573, 0.416468, 0.00106126, 0.559121
574, 0.415716, 0.00106106, 0.560182
575, 0.414938, 0.00106078, 0.561243
576, 0.414278, 0.0010608, 0.562304
577, 0.413476, 0.00106044, 0.563364
578, 0.412738, 0.00106024, 0.564425
579, 0.412073, 0.00106022, 0.565485
580, 0.411274, 0.00105985, 0.566545
581, 0.410585, 0.00105975, 0.567604
582, 0.409875, 0.00105959, 0.568664
583, 0.409123, 0.0010593, 0.569723
584, 0.408491, 0.00105933, 0.570783
585, 0.407733, 0.00105901, 0.571842
586, 0.407035, 0.00105884, 0.5729
587, 0.406405, 0.00105885, 0.573959
588, 0.405657, 0.00105853, 0.575018
589, 0.405021, 0.0010585, 0.576076
590, 0.404347, 0.00105835, 0.577135
591, 0.403658, 0.00105817, 0.578193
592, 0.403092, 0.00105829, 0.579251
593, 0.402369, 0.00105799, 0.580309
594, 0.401745, 0.00105795, 0.581367
595, 0.401142, 0.00105796, 0.582425
596, 0.400475, 0.00105779, 0.583483
597, 0.399922, 0.00105791, 0.584541
598, 0.399274, 0.00105777, 0.585599
599, 0.398673, 0.00105775, 0.586656
600, 0.398131, 0.00105788, 0.587714
601, 0.397495, 0.00105775, 0.588772
602, 0.396963, 0.0010579, 0.58983
603, 0.396379, 0.00105789, 0.590888
604, 0.395806, 0.00105791, 0.591946
605, 0.395315, 0.00105815, 0.593004
606, 0.394713, 0.00105808, 0.594062
607, 0.394204, 0.00105825, 0.59512
608, 0.393674, 0.00105836, 0.596178
609, 0.393129, 0.00105843, 0.597237
610, 0.392682, 0.00105876, 0.598296
611, 0.392111, 0.00105874, 0.599354
612, 0.391623, 0.00105895, 0.600413
613, 0.391138, 0.00105916, 0.601473
614, 0.390617, 0.00105927, 0.602532
615, 0.390183, 0.00105961, 0.603591
616, 0.38966, 0.0010597, 0.604651
617, 0.389186, 0.00105993, 0.605711
618, 0.388741, 0.00106023, 0.606771
619, 0.388235, 0.00106036, 0.607832
620, 0.387803, 0.00106069, 0.608892
621, 0.387323, 0.00106088, 0.609953
622, 0.386852, 0.0010611, 0.611014
623, 0.386444, 0.00106148, 0.612076
624, 0.385941, 0.0010616, 0.613137
625, 0.385501, 0.0010619, 0.614199
626, 0.38506, 0.00106218, 0.615261
627, 0.384582, 0.00106236, 0.616324
628, 0.384167, 0.00106272, 0.617387
629, 0.383694, 0.00106291, 0.618449
630, 0.383234, 0.00106313, 0.619513
631, 0.382831, 0.00106351, 0.620576
632, 0.382332, 0.00106362, 0.62164
633, 0.381886, 0.00106388, 0.622704
634, 0.381455, 0.00106418, 0.623768
635, 0.380965, 0.0010643, 0.624832
636, 0.380528, 0.00106458, 0.625897
637, 0.380067, 0.00106478, 0.626961
638, 0.379582, 0.00106491, 0.628026
639, 0.379151, 0.0010652, 0.629092
640, 0.378661, 0.00106531, 0.630157
641, 0.378176, 0.00106544, 0.631222
642, 0.37775, 0.00106573, 0.632288
643, 0.377228, 0.00106575, 0.633354
644, 0.376743, 0.00106586, 0.63442
645, 0.376301, 0.0010661, 0.635486
646, 0.375765, 0.00106607, 0.636552
647, 0.375278, 0.00106617, 0.637618
648, 0.37481, 0.00106633, 0.638684
649, 0.374269, 0.00106627, 0.639751
650, 0.373782, 0.00106636, 0.640817
651, 0.373286, 0.00106643, 0.641883
652, 0.372742, 0.00106635, 0.64295
653, 0.372255, 0.00106643, 0.644016
654, 0.37173, 0.00106641, 0.645083
655, 0.371184, 0.00106631, 0.646149
656, 0.370702, 0.0010664, 0.647215
657, 0.370147, 0.00106627, 0.648282
658, 0.369602, 0.00106616, 0.649348
659, 0.369127, 0.00106626, 0.650414
660, 0.36854, 0.00106602, 0.65148
661, 0.368001, 0.00106592, 0.652546
662, 0.367509, 0.00106595, 0.653612
663, 0.366917, 0.00106569, 0.654678
664, 0.366389, 0.0010656, 0.655743
665, 0.365869, 0.00106554, 0.656809
666, 0.365286, 0.00106528, 0.657874
667, 0.364774, 0.00106523, 0.658939
668, 0.364224, 0.00106506, 0.660004
669, 0.363657, 0.00106483, 0.661069
670, 0.363167, 0.00106482, 0.662134
671, 0.362586, 0.00106454, 0.663198
672, 0.362039, 0.00106435, 0.664263
673, 0.361556, 0.00106434, 0.665327
674, 0.360965, 0.001064, 0.666391
675, 0.360446, 0.00106387, 0.667455
676, 0.359936, 0.00106376, 0.668519
677, 0.359372, 0.00106347, 0.669582
678, 0.358888, 0.00106342, 0.670646
679, 0.358352, 0.0010632, 0.671709
680, 0.357823, 0.00106298, 0.672772
681, 0.357382, 0.00106302, 0.673835
682, 0.35682, 0.00106267, 0.674897
683, 0.356334, 0.00106255, 0.67596
684, 0.355874, 0.00106248, 0.677023
685, 0.355356, 0.00106222, 0.678085
686, 0.354922, 0.00106219, 0.679147
687, 0.354444, 0.00106202, 0.680209
688, 0.353979, 0.00106186, 0.681271
689, 0.353597, 0.00106193, 0.682333
690, 0.353114, 0.00106166, 0.683394
691, 0.352711, 0.00106162, 0.684456
692, 0.352321, 0.00106159, 0.685518
693, 0.3519, 0.00106144, 0.686579
694, 0.351569, 0.00106153, 0.687641
695, 0.35117, 0.0010614, 0.688702
696, 0.350821, 0.00106139, 0.689763
697, 0.350516, 0.00106148, 0.690825
698, 0.350157, 0.0010614, 0.691886
699, 0.349883, 0.00106154, 0.692948
700, 0.349569, 0.00106155, 0.694009
701, 0.349282, 0.00106162, 0.695071
702, 0.349046, 0.00106184, 0.696133
703, 0.348749, 0.00106187, 0.697195
704, 0.34853, 0.00106214, 0.698257
705, 0.348269, 0.00106228, 0.699319
706, 0.34803, 0.0010625, 0.700382
707, 0.347822, 0.00106283, 0.701444
708, 0.347564, 0.00106303, 0.702507
709, 0.347373, 0.00106348, 0.703571
710, 0.347111, 0.00106374, 0.704635
711, 0.346887, 0.00106416, 0.705699
712, 0.34665, 0.00106459, 0.706763
713, 0.346391, 0.00106502, 0.707828
714, 0.346163, 0.0010656, 0.708894
715, 0.34587, 0.00106604, 0.70996
716, 0.345623, 0.00106669, 0.711027
717, 0.345315, 0.00106721, 0.712094
718, 0.345026, 0.00106785, 0.713162
719, 0.34472, 0.0010685, 0.71423
720, 0.344396, 0.00106915, 0.715299
721, 0.34409, 0.00106991, 0.716369
722, 0.343736, 0.00107056, 0.71744
723, 0.343415, 0.00107136, 0.718511
724, 0.34305, 0.00107205, 0.719583
725, 0.3427, 0.00107281, 0.720656
726, 0.342348, 0.00107359, 0.72173
727, 0.341974, 0.00107431, 0.722804
728, 0.341627, 0.00107513, 0.723879
729, 0.341242, 0.00107583, 0.724955
730, 0.34087, 0.00107657, 0.726032
731, 0.340511, 0.00107735, 0.727109
732, 0.340117, 0.00107801, 0.728187
733, 0.339743, 0.00107871, 0.729266
734, 0.339372, 0.00107941, 0.730345
735, 0.338974, 0.00108, 0.731425
736, 0.338593, 0.00108062, 0.732506
737, 0.338218, 0.00108123, 0.733587
738, 0.337811, 0.00108172, 0.734669
739, 0.337421, 0.00108224, 0.735751
740, 0.337046, 0.00108278, 0.736834
741, 0.33663, 0.00108315, 0.737917
742, 0.336232, 0.00108356, 0.739
743, 0.335858, 0.00108402, 0.740084
744, 0.335434, 0.00108428, 0.741169
745, 0.335033, 0.00108459, 0.742253
746, 0.334661, 0.00108497, 0.743338
747, 0.334234, 0.00108513, 0.744423
748, 0.333835, 0.00108536, 0.745509
749, 0.333465, 0.00108566, 0.746594
750, 0.33304, 0.00108575, 0.74768
751, 0.332649, 0.00108592, 0.748766
752, 0.332279, 0.00108614, 0.749852
753, 0.331863, 0.00108617, 0.750938
754, 0.331486, 0.00108631, 0.752025
755, 0.331114, 0.00108644, 0.753111
756, 0.330712, 0.00108645, 0.754198
757, 0.330354, 0.00108658, 0.755284
758, 0.329977, 0.00108663, 0.756371
759, 0.329594, 0.00108663, 0.757457
760, 0.32926, 0.00108678, 0.758544
761, 0.328874, 0.00108673, 0.759631
762, 0.328513, 0.00108675, 0.760718
763, 0.328191, 0.00108688, 0.761805
764, 0.327809, 0.00108679, 0.762891
765, 0.327473, 0.00108684, 0.763978
766, 0.327141, 0.0010869, 0.765065
767, 0.326781, 0.00108684, 0.766152
768, 0.326472, 0.00108695, 0.767239
769, 0.326125, 0.00108692, 0.768326
770, 0.32579, 0.00108692, 0.769413
771, 0.3255, 0.00108707, 0.7705
772, 0.325143, 0.00108698, 0.771587
773, 0.324832, 0.00108705, 0.772674
774, 0.324525, 0.00108712, 0.773761
775, 0.32419, 0.0010871, 0.774848
776, 0.323904, 0.00108724, 0.775935
777, 0.323575, 0.00108724, 0.777022
778, 0.323262, 0.00108729, 0.77811
779, 0.322984, 0.00108746, 0.779197
780, 0.322648, 0.00108743, 0.780285
781, 0.322356, 0.00108756, 0.781372
782, 0.322056, 0.00108766, 0.78246
783, 0.321738, 0.0010877, 0.783548
784, 0.321468, 0.00108791, 0.784635
785, 0.321143, 0.00108794, 0.785723
786, 0.320844, 0.00108805, 0.786811
787, 0.320565, 0.00108824, 0.7879
788, 0.320243, 0.00108829, 0.788988
789, 0.319962, 0.00108848, 0.790076
790, 0.31966, 0.0010886, 0.791165
791, 0.319353, 0.00108871, 0.792254
792, 0.31909, 0.00108897, 0.793343
793, 0.318764, 0.00108902, 0.794432
794, 0.318473, 0.00108919, 0.795521
795, 0.318192, 0.0010894, 0.79661
796, 0.317877, 0.00108949, 0.7977
797, 0.317601, 0.00108971, 0.79879
798, 0.3173, 0.00108985, 0.799879
799, 0.316998, 0.00108999, 0.800969
800, 0.316738, 0.00109027, 0.80206
801, 0.316415, 0.00109034, 0.80315
802, 0.316127, 0.00109052, 0.804241
803, 0.315849, 0.00109074, 0.805331
804, 0.315538, 0.00109084, 0.806422
805, 0.315263, 0.00109107, 0.807513
806, 0.314968, 0.00109122, 0.808604
807, 0.314668, 0.00109136, 0.809696
808, 0.314408, 0.00109163, 0.810787
809, 0.314094, 0.0010917, 0.811879
810, 0.313806, 0.00109188, 0.812971
811, 0.313537, 0.00109211, 0.814063
812, 0.313227, 0.00109219, 0.815155
813, 0.312953, 0.0010924, 0.816248
814, 0.312667, 0.00109256, 0.81734
815, 0.312369, 0.00109268, 0.818433
816, 0.312108, 0.00109292, 0.819526
817, 0.311806, 0.00109301, 0.820619
818, 0.311519, 0.00109316, 0.821712
819, 0.311261, 0.0010934, 0.822805
820, 0.310953, 0.00109346, 0.823899
821, 0.310678, 0.00109364, 0.824993
822, 0.310405, 0.00109382, 0.826086
823, 0.310108, 0.00109391, 0.82718
824, 0.309847, 0.00109412, 0.828274
825, 0.309559, 0.00109423, 0.829369
826, 0.309273, 0.00109435, 0.830463
827, 0.309027, 0.00109461, 0.831558
828, 0.308722, 0.00109465, 0.832652
829, 0.308449, 0.0010948, 0.833747
830, 0.308188, 0.00109499, 0.834842
831, 0.307894, 0.00109506, 0.835937
832, 0.307634, 0.00109525, 0.837032
833, 0.307359, 0.00109538, 0.838128
834, 0.307076, 0.00109549, 0.839223
835, 0.30683, 0.00109572, 0.840319
836, 0.306539, 0.00109578, 0.841415
837, 0.306268, 0.00109592, 0.842511
838, 0.30602, 0.00109613, 0.843607
839, 0.305729, 0.00109618, 0.844703
840, 0.305471, 0.00109636, 0.845799
841, 0.305208, 0.00109651, 0.846896
842, 0.304929, 0.0010966, 0.847992
843, 0.304685, 0.00109681, 0.849089
844, 0.304406, 0.0010969, 0.850186
845, 0.304139, 0.00109703, 0.851283
846, 0.303901, 0.00109726, 0.85238
847, 0.303614, 0.00109731, 0.853478
848, 0.303359, 0.00109747, 0.854575
849, 0.303108, 0.00109764, 0.855673
850, 0.302832, 0.00109772, 0.856771
851, 0.30259, 0.00109793, 0.857868
852, 0.302323, 0.00109804, 0.858966
853, 0.302058, 0.00109816, 0.860065
854, 0.30183, 0.00109841, 0.861163
855, 0.301547, 0.00109846, 0.862261
856, 0.301295, 0.00109861, 0.86336
857, 0.301053, 0.00109881, 0.864459
858, 0.30078, 0.00109889, 0.865558
859, 0.30054, 0.00109908, 0.866657
860, 0.300284, 0.00109922, 0.867756
861, 0.300022, 0.00109933, 0.868855
862, 0.299795, 0.00109957, 0.869955
863, 0.299523, 0.00109965, 0.871055
864, 0.299273, 0.0010998, 0.872154
865, 0.29904, 0.00110001, 0.873254
866, 0.29877, 0.00110009, 0.874355
867, 0.298532, 0.00110028, 0.875455
868, 0.298285, 0.00110044, 0.876555
869, 0.298025, 0.00110055, 0.877656
870, 0.297799, 0.00110078, 0.878757
871, 0.297537, 0.00110088, 0.879857
872, 0.297288, 0.00110102, 0.880959
873, 0.297064, 0.00110126, 0.88206
874, 0.296796, 0.00110133, 0.883161
875, 0.296558, 0.00110152, 0.884263
876, 0.29632, 0.0011017, 0.885364
877, 0.296062, 0.0011018, 0.886466
878, 0.295836, 0.00110202, 0.887568
879, 0.295583, 0.00110215, 0.88867
880, 0.295335, 0.00110229, 0.889773
881, 0.295119, 0.00110254, 0.890875
882, 0.294853, 0.00110261, 0.891978
883, 0.294616, 0.00110278, 0.893081
884, 0.294387, 0.00110299, 0.894184
885, 0.29413, 0.00110308, 0.895287
886, 0.293903, 0.00110329, 0.89639
887, 0.29366, 0.00110344, 0.897493
888, 0.293412, 0.00110357, 0.898597
889, 0.293196, 0.00110382, 0.899701
890, 0.292939, 0.00110391, 0.900805
891, 0.292701, 0.00110407, 0.901909
892, 0.292481, 0.00110429, 0.903013
893, 0.292224, 0.00110438, 0.904117
894, 0.291997, 0.00110458, 0.905222
895, 0.291763, 0.00110475, 0.906327
896, 0.291516, 0.00110487, 0.907432
897, 0.291299, 0.0011051, 0.908537
898, 0.291052, 0.00110521, 0.909642
899, 0.290813, 0.00110536, 0.910747
900, 0.290601, 0.00110561, 0.911853
901, 0.290346, 0.00110569, 0.912959
902, 0.290117, 0.00110587, 0.914064
903, 0.289893, 0.00110606, 0.91517
904, 0.289646, 0.00110617, 0.916277
905, 0.289428, 0.00110638, 0.917383
906, 0.289191, 0.00110652, 0.91849
907, 0.288952, 0.00110666, 0.919596
908, 0.288745, 0.00110691, 0.920703
909, 0.288494, 0.00110699, 0.92181
910, 0.288265, 0.00110716, 0.922917
911, 0.28805, 0.00110737, 0.924025
912, 0.287804, 0.00110747, 0.925132
913, 0.287585, 0.00110767, 0.92624
914, 0.287357, 0.00110783, 0.927348
915, 0.287119, 0.00110796, 0.928456
916, 0.28691, 0.00110819, 0.929564
917, 0.28667, 0.0011083, 0.930672
918, 0.286441, 0.00110845, 0.93178
919, 0.286235, 0.00110869, 0.932889
920, 0.285989, 0.00110877, 0.933998
921, 0.28577, 0.00110896, 0.935107
922, 0.285552, 0.00110915, 0.936216
923, 0.285314, 0.00110926, 0.937325
924, 0.285105, 0.00110947, 0.938435
925, 0.284874, 0.00110961, 0.939544
926, 0.284646, 0.00110975, 0.940654
927, 0.284446, 0.00111, 0.941764
928, 0.284203, 0.00111008, 0.942874
929, 0.283984, 0.00111025, 0.943984
930, 0.283776, 0.00111046, 0.945095
931, 0.28354, 0.00111056, 0.946205
932, 0.283334, 0.00111076, 0.947316
933, 0.283123, 0.00111092, 0.948427
934, 0.28292, 0.00111105, 0.949538
935, 0.282784, 0.00111128, 0.950649
936, 0.282715, 0.00111139, 0.951761
937, 0.282895, 0.00111154, 0.952872
938, 0.283644, 0.00111177, 0.953984
939, 0.285555, 0.00111186, 0.955096
940, 0.289899, 0.00111204, 0.956208
941, 0.298445, 0.00111223, 0.95732
942, 0.312852, 0.00111234, 0.958433
943, 0.332893, 0.00111256, 0.959545
944, 0.354571, 0.0011127, 0.960658
945, 0.371313, 0.0011129, 0.961771
946, 0.377699, 0.0011132, 0.962884
947, 0.372554, 0.00111362, 0.963998
948, 0.358712, 0.00111427, 0.965112
949, 0.340604, 0.00111529, 0.966227
950, 0.322056, 0.00111658, 0.967344
951, 0.305465, 0.00111796, 0.968462
952, 0.291938, 0.00111964, 0.969581
953, 0.281428, 0.00112115, 0.970703
954, 0.273622, 0.00112292, 0.971825
955, 0.267826, 0.0011245, 0.97295
956, 0.263572, 0.00112627, 0.974076
957, 0.26034, 0.00112791, 0.975204
958, 0.257852, 0.00112965, 0.976334
959, 0.255849, 0.00113135, 0.977465
960, 0.254186, 0.00113306, 0.978598
961, 0.252776, 0.00113481, 0.979733
962, 0.251521, 0.00113648, 0.980869
963, 0.250431, 0.00113829, 0.982008
964, 0.249406, 0.00113993, 0.983148
965, 0.248516, 0.00114177, 0.984289
966, 0.24765, 0.00114339, 0.985433
967, 0.246894, 0.00114521, 0.986578
968, 0.246163, 0.00114687, 0.987725
969, 0.245513, 0.00114867, 0.988874
970, 0.244895, 0.00115038, 0.990024
971, 0.244335, 0.00115214, 0.991176
972, 0.243815, 0.0011539, 0.99233
973, 0.243332, 0.00115564, 0.993486
974, 0.242901, 0.00115744, 0.994643
975, 0.242484, 0.00115915, 0.995802
976, 0.242134, 0.00116101, 0.996963
977, 0.241776, 0.00116269, 0.998126
978, 0.241492, 0.00116457, 0.999291
979, 0.241193, 0.00116624, 1.00046
980, 0.240959, 0.0011681, 1.00162
981, 0.240725, 0.00116982, 1.00279
982, 0.240533, 0.00117165, 1.00397
983, 0.240359, 0.00117342, 1.00514
984, 0.240207, 0.00117522, 1.00631
985, 0.240086, 0.00117704, 1.00749
986, 0.239975, 0.00117882, 1.00867
987, 0.239899, 0.00118069, 1.00985
988, 0.239828, 0.00118244, 1.01103
989, 0.239793, 0.00118436, 1.01222
990, 0.239756, 0.00118608, 1.0134
991, 0.239753, 0.00118799, 1.01459
992, 0.239751, 0.00118975, 1.01578
993, 0.239786, 0.00119164, 1.01697
994, 0.239811, 0.00119344, 1.01817
995, 0.239884, 0.00119531, 1.01936
996, 0.239938, 0.00119717, 1.02056
997, 0.240035, 0.001199, 1.02176
998, 0.240136, 0.00120092, 1.02296
999, 0.240236, 0.00120272, 1.02416
1000, 0.240396, 0.0012047, 1.02537
1001, 0.240491, 0.00120647, 1.02657
1002, 0.240684, 0.00120843, 1.02778
1003, 0.240812, 0.00121026, 1.02899
1004, 0.241007, 0.00121218, 1.0302
1005, 0.241198, 0.00121407, 1.03142
1006, 0.241373, 0.00121596, 1.03263
1007, 0.241626, 0.00121792, 1.03385
1008, 0.241799, 0.00121978, 1.03507
1009, 0.242076, 0.0012218, 1.03629
1010, 0.242295, 0.00122363, 1.03752
1011, 0.242539, 0.00122562, 1.03874
1012, 0.242831, 0.00122751, 1.03997
1013, 0.243059, 0.00122947, 1.0412
1014, 0.243376, 0.00123143, 1.04243
1015, 0.243654, 0.00123336, 1.04366
1016, 0.243947, 0.0012354, 1.0449
1017, 0.244285, 0.00123728, 1.04614
1018, 0.244562, 0.00123932, 1.04738
1019, 0.244912, 0.00124124, 1.04862
1020, 0.245252, 0.00124325, 1.04986
1021, 0.245559, 0.00124525, 1.05111
1022, 0.245965, 0.00124721, 1.05235
1023, 0.246283, 0.0012493, 1.0536
1024, 0.246658, 0.00125122, 1.05485
1025, 0.24707, 0.0012533, 1.05611
1026, 0.247381, 0.00125527, 1.05736
1027, 0.247843, 0.00125731, 1.05862
1028, 0.248207, 0.00125937, 1.05988
1029, 0.248595, 0.00126136, 1.06114
1030, 0.249087, 0.0012635, 1.0624
1031, 0.249409, 0.00126546, 1.06367
1032, 0.249897, 0.00126756, 1.06494
1033, 0.250338, 0.00126961, 1.06621
1034, 0.250712, 0.00127166, 1.06748
1035, 0.251264, 0.00127382, 1.06875
1036, 0.251651, 0.00127581, 1.07003
1037, 0.252114, 0.00127796, 1.07131
1038, 0.252653, 0.00128003, 1.07259
1039, 0.253039, 0.00128212, 1.07387
1040, 0.253582, 0.00128431, 1.07515
1041, 0.254093, 0.00128634, 1.07644
1042, 0.254511, 0.00128853, 1.07773
1043, 0.254886, 0.00128958, 1.07902
1044, 0.25473, 0.00128841, 1.08031
1045, 0.254533, 0.00128735, 1.08159
1046, 0.254508, 0.00128631, 1.08288
1047, 0.254307, 0.00128517, 1.08416
1048, 0.254155, 0.00128418, 1.08545
1049, 0.254094, 0.00128304, 1.08673
1050, 0.253868, 0.00128196, 1.08801
1051, 0.25375, 0.00128097, 1.08929
1052, 0.253652, 0.0012798, 1.09057
1053, 0.253418, 0.0012788, 1.09185
1054, 0.253314, 0.0012777, 1.09313
1055, 0.253186, 0.0012766, 1.09441
1056, 0.252965, 0.00127567, 1.09568
1057, 0.252863, 0.00127446, 1.09696
1058, 0.252702, 0.00127344, 1.09823
1059, 0.25248, 0.0012724, 1.0995
1060, 0.252397, 0.00127127, 1.10077
1061, 0.25221, 0.00127031, 1.10205
1062, 0.251998, 0.00126917, 1.10331
1063, 0.251916, 0.00126811, 1.10458
1064, 0.251699, 0.00126717, 1.10585
1065, 0.251513, 0.00126598, 1.10712
1066, 0.251419, 0.001265, 1.10838
1067, 0.251163, 0.00126395, 1.10964
1068, 0.25102, 0.00126284, 1.11091
1069, 0.250905, 0.00126192, 1.11217
1070, 0.250628, 0.00126077, 1.11343
1071, 0.250518, 0.00125973, 1.11469
1072, 0.250359, 0.00125878, 1.11595
1073, 0.250095, 0.00125763, 1.11721
1074, 0.250006, 0.00125667, 1.11846
1075, 0.249795, 0.00125562, 1.11972
1076, 0.249566, 0.00125454, 1.12097
1077, 0.249486, 0.00125366, 1.12223
1078, 0.249231, 0.00125251, 1.12348
1079, 0.24904, 0.0012515, 1.12473
1080, 0.24893, 0.00125055, 1.12598
1081, 0.248667, 0.00124943, 1.12723
1082, 0.248511, 0.00124849, 1.12848
1083, 0.24836, 0.00124745, 1.12973
1084, 0.248103, 0.0012464, 1.13097
1085, 0.247978, 0.00124553, 1.13222
1086, 0.247783, 0.0012444, 1.13346
1087, 0.24754, 0.00124341, 1.13471
1088, 0.247408, 0.00124246, 1.13595
1089, 0.247201, 0.00124138, 1.13719
1090, 0.246978, 0.00124046, 1.13843
1091, 0.246831, 0.00123942, 1.13967
1092, 0.246617, 0.0012384, 1.14091
1093, 0.246416, 0.00123753, 1.14215
1094, 0.246249, 0.00123642, 1.14338
1095, 0.246032, 0.00123545, 1.14462
1096, 0.245828, 0.00123451, 1.14585
1097, 0.245662, 0.00123345, 1.14709
1098, 0.245447, 0.00123254, 1.14832
1099, 0.245238, 0.00123152, 1.14955
1100, 0.245071, 0.0012305, 1.15078
1101, 0.244861, 0.00122965, 1.15201
1102, 0.244645, 0.00122855, 1.15324
1103, 0.244476, 0.00122758, 1.15447
1104, 0.244254, 0.00122667, 1.15569
1105, 0.244049, 0.0012256, 1.15692
1106, 0.243879, 0.00122468, 1.15814
1107, 0.243643, 0.0012237, 1.15937
1108, 0.243449, 0.00122268, 1.16059
1109, 0.24328, 0.00122181, 1.16181
1110, 0.243033, 0.00122075, 1.16303
1111, 0.242847, 0.00121977, 1.16425
1112, 0.24267, 0.0012189, 1.16547
1113, 0.242422, 0.00121782, 1.16669
1114, 0.242245, 0.00121689, 1.16791
1115, 0.24205, 0.00121595, 1.16912
1116, 0.241812, 0.00121491, 1.17034
1117, 0.241643, 0.00121403, 1.17155
1118, 0.241432, 0.00121302, 1.17276
1119, 0.241206, 0.00121203, 1.17398
1120, 0.241044, 0.0012112, 1.17519
1121, 0.240818, 0.00121013, 1.1764
1122, 0.240604, 0.00120919, 1.17761
1123, 0.240432, 0.00120831, 1.17881
1124, 0.240211, 0.00120727, 1.18002
1125, 0.240009, 0.00120638, 1.18123
1126, 0.239823, 0.00120545, 1.18243
1127, 0.239612, 0.00120445, 1.18364
1128, 0.239423, 0.00120362, 1.18484
1129, 0.239224, 0.00120263, 1.18604
1130, 0.239025, 0.00120169, 1.18725
1131, 0.238845, 0.0012009, 1.18845
1132, 0.238638, 0.00119987, 1.18965
1133, 0.238453, 0.001199, 1.19085
1134, 0.238265, 0.00119815, 1.19204
1135, 0.238068, 0.00119719, 1.19324
1136, 0.237898, 0.00119638, 1.19444
1137, 0.237701, 0.00119548, 1.19563
1138, 0.237517, 0.00119459, 1.19683
1139, 0.237363, 0.00119386, 1.19802
1140, 0.237159, 0.0011929, 1.19921
1141, 0.236988, 0.00119208, 1.20041
1142, 0.236829, 0.00119131, 1.2016
1143, 0.236639, 0.00119042, 1.20279
1144, 0.236485, 0.00118968, 1.20398
1145, 0.236318, 0.00118887, 1.20517
1146, 0.236146, 0.00118805, 1.20635
1147, 0.236009, 0.00118739, 1.20754
1148, 0.235834, 0.00118653, 1.20873
1149, 0.235681, 0.0011858, 1.20991
1150, 0.23554, 0.00118511, 1.2111
1151, 0.23538, 0.00118432, 1.21228
1152, 0.235248, 0.00118368, 1.21347
1153, 0.235099, 0.00118294, 1.21465
1154, 0.234958, 0.00118224, 1.21583
1155, 0.234843, 0.00118167, 1.21701
1156, 0.234691, 0.00118091, 1.2182
1157, 0.234569, 0.00118029, 1.21938
1158, 0.234449, 0.00117968, 1.22055
1159, 0.234317, 0.00117901, 1.22173
1160, 0.234214, 0.00117848, 1.22291
1161, 0.23409, 0.00117784, 1.22409
1162, 0.233977, 0.00117725, 1.22527
1163, 0.233884, 0.00117676, 1.22644
1164, 0.233765, 0.00117613, 1.22762
1165, 0.233673, 0.00117563, 1.2288
1166, 0.233576, 0.0011751, 1.22997
1167, 0.233476, 0.00117456, 1.23115
1168, 0.233404, 0.00117415, 1.23232
1169, 0.233303, 0.00117359, 1.23349
1170, 0.233222, 0.00117313, 1.23467
1171, 0.233151, 0.00117271, 1.23584
1172, 0.233064, 0.00117221, 1.23701
1173, 0.233003, 0.00117183, 1.23818
1174, 0.232928, 0.00117138, 1.23935
1175, 0.23286, 0.00117096, 1.24053
1176, 0.232812, 0.00117065, 1.2417
1177, 0.232739, 0.00117019, 1.24287
1178, 0.232688, 0.00116985, 1.24404
1179, 0.232638, 0.00116951, 1.24521
1180, 0.232581, 0.00116913, 1.24638
1181, 0.232547, 0.00116886, 1.24754
1182, 0.232494, 0.0011685, 1.24871
1183, 0.232453, 0.0011682, 1.24988
1184, 0.232425, 0.00116795, 1.25105
1185, 0.232378, 0.00116762, 1.25222
1186, 0.232352, 0.00116738, 1.25338
1187, 0.232321, 0.00116713, 1.25455
1188, 0.232288, 0.00116686, 1.25572
1189, 0.232275, 0.00116669, 1.25688
1190, 0.232241, 0.00116642, 1.25805
1191, 0.232221, 0.00116622, 1.25922
1192, 0.232209, 0.00116606, 1.26038
1193, 0.232183, 0.00116583, 1.26155
1194, 0.232175, 0.0011657, 1.26271
1195, 0.23216, 0.00116552, 1.26388
1196, 0.232146, 0.00116536, 1.26505
1197, 0.232149, 0.00116529, 1.26621
1198, 0.23213, 0.00116511, 1.26738
1199, 0.232126, 0.00116501, 1.26854
1200, 0.232126, 0.00116493, 1.26971
1201, 0.232115, 0.0011648, 1.27087
1202, 0.232119, 0.00116476, 1.27204
1203, 0.232115, 0.00116468, 1.2732
1204, 0.232112, 0.00116461, 1.27436
1205, 0.232123, 0.00116463, 1.27553
1206, 0.232113, 0.00116454, 1.27669
1207, 0.232116, 0.00116453, 1.27786
1208, 0.232121, 0.00116454, 1.27902
1209, 0.232116, 0.00116451, 1.28019
1210, 0.232123, 0.00116456, 1.28135
1211, 0.232122, 0.00116457, 1.28252
1212, 0.23212, 0.00116459, 1.28368
1213, 0.232131, 0.00116468, 1.28485
1214, 0.232121, 0.00116469, 1.28601
1215, 0.232122, 0.00116476, 1.28718
1216, 0.232125, 0.00116486, 1.28834
1217, 0.232116, 0.00116492, 1.2895
1218, 0.232117, 0.00116504, 1.29067
1219, 0.232112, 0.00116514, 1.29184
1220, 0.232103, 0.00116524, 1.293
1221, 0.232104, 0.0011654, 1.29417
1222, 0.23209, 0.0011655, 1.29533
1223, 0.232081, 0.00116565, 1.2965
1224, 0.232076, 0.00116583, 1.29766
1225, 0.232057, 0.00116595, 1.29883
1226, 0.232047, 0.00116614, 1.29999
1227, 0.232033, 0.00116632, 1.30116
1228, 0.232013, 0.00116649, 1.30233
1229, 0.232002, 0.00116672, 1.30349
1230, 0.231979, 0.0011669, 1.30466
1231, 0.231957, 0.00116711, 1.30583
1232, 0.231943, 0.00116736, 1.307
1233, 0.231913, 0.00116755, 1.30816
1234, 0.231891, 0.00116779, 1.30933
1235, 0.231867, 0.00116805, 1.3105
1236, 0.231836, 0.00116827, 1.31167
1237, 0.231813, 0.00116855, 1.31284
1238, 0.231782, 0.0011688, 1.314
1239, 0.23175, 0.00116906, 1.31517
1240, 0.231727, 0.00116937, 1.31634
1241, 0.231687, 0.00116961, 1.31751
1242, 0.231655, 0.0011699, 1.31868
1243, 0.231625, 0.00117021, 1.31985
1244, 0.231585, 0.00117048, 1.32102
1245, 0.231554, 0.00117081, 1.32219
1246, 0.231516, 0.00117111, 1.32337
1247, 0.231477, 0.00117141, 1.32454
1248, 0.231447, 0.00117176, 1.32571
1249, 0.231402, 0.00117205, 1.32688
1250, 0.231365, 0.00117238, 1.32805
1251, 0.231329, 0.00117273, 1.32923
1252, 0.231285, 0.00117305, 1.3304
1253, 0.231248, 0.00117341, 1.33157
1254, 0.231206, 0.00117375, 1.33275
1255, 0.231164, 0.00117409, 1.33392
1256, 0.23113, 0.00117448, 1.33509
1257, 0.231082, 0.00117481, 1.33627
1258, 0.231041, 0.00117518, 1.33744
1259, 0.231002, 0.00117556, 1.33862
1260, 0.230956, 0.00117591, 1.3398
1261, 0.230918, 0.00117631, 1.34097
1262, 0.230873, 0.00117668, 1.34215
1263, 0.230829, 0.00117706, 1.34333
1264, 0.230791, 0.00117747, 1.3445
1265, 0.230743, 0.00117784, 1.34568
1266, 0.230702, 0.00117825, 1.34686
1267, 0.230658, 0.00117865, 1.34804
1268, 0.230612, 0.00117905, 1.34922
1269, 0.230574, 0.00117948, 1.3504
1270, 0.230525, 0.00117987, 1.35158
1271, 0.230482, 0.00118029, 1.35276
1272, 0.23044, 0.00118073, 1.35394
1273, 0.230392, 0.00118114, 1.35512
1274, 0.230351, 0.00118158, 1.3563
1275, 0.230304, 0.001182, 1.35748
1276, 0.230258, 0.00118243, 1.35866
1277, 0.230216, 0.00118289, 1.35985
1278, 0.230167, 0.00118331, 1.36103
1279, 0.230123, 0.00118377, 1.36221
1280, 0.230076, 0.00118421, 1.3634
1281, 0.230029, 0.00118465, 1.36458
1282, 0.229987, 0.00118513, 1.36577
1283, 0.229936, 0.00118556, 1.36695
1284, 0.229889, 0.00118603, 1.36814
1285, 0.229843, 0.00118649, 1.36933
1286, 0.229793, 0.00118694, 1.37051
1287, 0.229747, 0.00118742, 1.3717
1288, 0.229697, 0.00118788, 1.37289
1289, 0.229647, 0.00118834, 1.37408
1290, 0.229602, 0.00118883, 1.37527
1291, 0.229549, 0.00118928, 1.37646
1292, 0.229499, 0.00118975, 1.37765
1293, 0.22945, 0.00119023, 1.37884
1294, 0.229397, 0.00119068, 1.38003
1295, 0.229348, 0.00119117, 1.38122
1296, 0.229295, 0.00119163, 1.38241
1297, 0.229242, 0.0011921, 1.3836
1298, 0.229192, 0.00119258, 1.38479
1299, 0.229137, 0.00119304, 1.38599
1300, 0.229083, 0.00119351, 1.38718
1301, 0.229032, 0.00119399, 1.38837
1302, 0.228974, 0.00119444, 1.38957
1303, 0.228919, 0.0011949, 1.39076
1304, 0.228867, 0.00119538, 1.39196
1305, 0.228807, 0.00119583, 1.39315
1306, 0.228751, 0.00119629, 1.39435
1307, 0.228696, 0.00119676, 1.39555
1308, 0.228635, 0.00119719, 1.39674
1309, 0.228577, 0.00119764, 1.39794
1310, 0.228521, 0.0011981, 1.39914
1311, 0.228458, 0.00119853, 1.40034
1312, 0.228398, 0.00119897, 1.40154
1313, 0.228341, 0.00119942, 1.40274
1314, 0.228276, 0.00119983, 1.40394
1315, 0.228213, 0.00120026, 1.40514
1316, 0.228154, 0.0012007, 1.40634
1317, 0.228088, 0.0012011, 1.40754
1318, 0.228023, 0.00120151, 1.40874
1319, 0.227962, 0.00120194, 1.40994
1320, 0.227895, 0.00120233, 1.41115
1321, 0.227828, 0.00120272, 1.41235
1322, 0.227764, 0.00120313, 1.41355
1323, 0.227696, 0.00120351, 1.41475
1324, 0.227627, 0.00120389, 1.41596
1325, 0.227561, 0.00120428, 1.41716
1326, 0.227492, 0.00120465, 1.41837
1327, 0.22742, 0.00120501, 1.41957
1328, 0.227352, 0.00120538, 1.42078
1329, 0.227283, 0.00120575, 1.42198
1330, 0.227208, 0.00120609, 1.42319
1331, 0.227138, 0.00120644, 1.4244
1332, 0.227068, 0.0012068, 1.4256
1333, 0.226991, 0.00120712, 1.42681
1334, 0.226919, 0.00120746, 1.42802
1335, 0.226849, 0.00120781, 1.42923
1336, 0.22677, 0.00120812, 1.43043
1337, 0.226696, 0.00120845, 1.43164
1338, 0.226624, 0.00120878, 1.43285
1339, 0.226544, 0.00120908, 1.43406
1340, 0.226469, 0.00120939, 1.43527
1341, 0.226396, 0.00120972, 1.43648
1342, 0.226313, 0.00121, 1.43769
1343, 0.226237, 0.00121032, 1.4389
1344, 0.226162, 0.00121064, 1.44011
1345, 0.226079, 0.00121091, 1.44132
1346, 0.226002, 0.00121121, 1.44253
1347, 0.225925, 0.00121153, 1.44374
1348, 0.225841, 0.00121179, 1.44496
1349, 0.225763, 0.0012121, 1.44617
1350, 0.225684, 0.0012124, 1.44738
1351, 0.225599, 0.00121266, 1.44859
1352, 0.225521, 0.00121297, 1.44981
1353, 0.225439, 0.00121326, 1.45102
1354, 0.225354, 0.00121353, 1.45223
1355, 0.225276, 0.00121384, 1.45345
1356, 0.225191, 0.00121411, 1.45466
1357, 0.225106, 0.00121439, 1.45587
1358, 0.225029, 0.00121471, 1.45709
1359, 0.22494, 0.00121497, 1.4583
1360, 0.224855, 0.00121525, 1.45952
1361, 0.224778, 0.00121558, 1.46073
1362, 0.224687, 0.00121583, 1.46195
1363, 0.224602, 0.00121613, 1.46317
1364, 0.224522, 0.00121645, 1.46438
1365, 0.224431, 0.00121671, 1.4656
1366, 0.224348, 0.00121702, 1.46682
1367, 0.224264, 0.00121732, 1.46803
1368, 0.224174, 0.0012176, 1.46925
1369, 0.224093, 0.00121793, 1.47047
1370, 0.224004, 0.00121822, 1.47169
1371, 0.223916, 0.00121851, 1.47291
1372, 0.223838, 0.00121886, 1.47413
1373, 0.223745, 0.00121913, 1.47534
1374, 0.223659, 0.00121945, 1.47656
1375, 0.223578, 0.00121979, 1.47778
1376, 0.223487, 0.00122007, 1.479
1377, 0.223404, 0.00122041, 1.48022
1378, 0.223319, 0.00122073, 1.48145
1379, 0.223231, 0.00122104, 1.48267
1380, 0.223152, 0.0012214, 1.48389
1381, 0.223063, 0.00122171, 1.48511
1382, 0.222979, 0.00122204, 1.48633
1383, 0.222901, 0.0012224, 1.48755
1384, 0.222812, 0.00122271, 1.48878
1385, 0.222733, 0.00122307, 1.49
1386, 0.222651, 0.00122342, 1.49122
1387, 0.222568, 0.00122375, 1.49245
1388, 0.222494, 0.00122414, 1.49367
1389, 0.222409, 0.00122446, 1.4949
1390, 0.222331, 0.00122482, 1.49612
1391, 0.222258, 0.00122521, 1.49735
1392, 0.222177, 0.00122555, 1.49857
1393, 0.222105, 0.00122594, 1.4998
1394, 0.222029, 0.0012263, 1.50102
