1 1 0.9875 0.975 0.9625 0.95 0.9375 0.925 0.9125 0.9 0.8875 0.875 0.8625 0.85 0.8375 0.825 0.8125 0.8 0.7875 0.775 0.7625 0.75 0.7375 0.725 0.7125 0.7 0.6875 0.675 0.6625 0.65 0.6375 0.625 0.6125 0.6 0.5875 0.575 0.5625 0.55 0.5375 0.525 0.5125 0.5 0.5 
1 1 1.00422 0.985969 0.973328 0.960687 0.948047 0.935406 0.922766 0.910125 0.897484 0.884844 0.872203 0.859562 0.846922 0.834281 0.821641 0.809 0.796359 0.783719 0.771078 0.758437 0.745797 0.733156 0.720516 0.707875 0.695234 0.682594 0.669953 0.657312 0.644672 0.632031 0.619391 0.60675 0.594109 0.581469 0.568828 0.556187 0.543547 0.530906 0.518266 0.505625 0.5 
1 1 1.00075 1.0111 0.980748 0.971571 0.958787 0.946003 0.933219 0.920436 0.907652 0.894868 0.882084 0.8693 0.856516 0.843733 0.830949 0.818165 0.805381 0.792597 0.779814 0.76703 0.754246 0.741462 0.728678 0.715894 0.703111 0.690327 0.677543 0.664759 0.651975 0.639191 0.626408 0.613624 0.60084 0.588056 0.575272 0.562488 0.549705 0.536921 0.524137 0.511935 0.5 
1 1 1.00006 1.00279 1.02238 0.967108 0.971983 0.956768 0.943839 0.930909 0.91798 0.905051 0.892122 0.879192 0.866263 0.853334 0.840404 0.827475 0.814546 0.801616 0.788687 0.775758 0.762829 0.749899 0.73697 0.724041 0.711111 0.698182 0.685253 0.672323 0.659394 0.646465 0.633536 0.620606 0.607677 0.594748 0.581818 0.568889 0.55596 0.54303 0.530168 0.517324 0.5 
1 1 1.00001 1.00019 1.0069 1.03472 0.947224 0.976126 0.953154 0.941505 0.928428 0.915352 0.902275 0.889199 0.876122 0.863046 0.84997 0.836893 0.823817 0.81074 0.797664 0.784587 0.771511 0.758434 0.745358 0.732281 0.719205 0.706129 0.693052 0.679976 0.666899 0.653823 0.640746 0.62767 0.614593 0.601517 0.58844 0.575364 0.562288 0.549219 0.53615 0.522685 0.5 
1 1 1 1.00003 1.00022 1.01331 1.04164 0.928945 0.985306 0.944237 0.939857 0.925763 0.912538 0.899313 0.886087 0.872862 0.859637 0.846412 0.833187 0.819961 0.806736 0.793511 0.780286 0.767061 0.753836 0.74061 0.727385 0.71416 0.700935 0.68771 0.674484 0.661259 0.648034 0.634809 0.621584 0.608358 0.595133 0.581908 0.568684 0.555459 0.542199 0.528033 0.5 
1 1 1 1 1.00005 0.998723 1.02195 1.0405 0.916569 1.00085 0.92597 0.942249 0.922448 0.909589 0.896213 0.882836 0.86946 0.856084 0.842707 0.829331 0.815955 0.802578 0.789202 0.775826 0.762449 0.749073 0.735697 0.722321 0.708944 0.695568 0.682192 0.668815 0.655439 0.642063 0.628686 0.61531 0.601934 0.588558 0.575181 0.561802 0.548319 0.533551 0.5 
1 1 1 1 1.00001 0.999842 0.990342 1.03633 1.03109 0.918014 1.01271 0.907605 0.946945 0.91561 0.906885 0.893051 0.87952 0.865989 0.852457 0.838926 0.825395 0.811864 0.798333 0.784802 0.771271 0.75774 0.744209 0.730678 0.717147 0.703616 0.690085 0.676554 0.663022 0.649491 0.63596 0.622429 0.608898 0.595367 0.581836 0.568292 0.554601 0.539236 0.5 
1 1 1 1 1 0.999989 0.997908 0.978223 1.05418 1.0179 0.931075 1.01557 0.890875 0.957601 0.901682 0.906741 0.88968 0.876165 0.862475 0.848785 0.835095 0.821405 0.807714 0.794024 0.780334 0.766644 0.752954 0.739264 0.725574 0.711884 0.698194 0.684504 0.670814 0.657124 0.643434 0.629743 0.616053 0.602363 0.588672 0.574963 0.561051 0.545149 0.5 
1 1 1 1 1 1 0.999786 0.993246 0.975114 1.07256 0.995864 0.950351 1.00381 0.885429 0.967808 0.884066 0.909485 0.884258 0.872652 0.858705 0.844855 0.831005 0.817155 0.803305 0.789455 0.775605 0.761755 0.747904 0.734054 0.720204 0.706354 0.692504 0.678654 0.664804 0.650954 0.637104 0.623254 0.609403 0.595551 0.581674 0.567556 0.551143 0.5 
1 1 1 1 1 1 0.999969 0.999894 0.987819 0.984146 1.10511 0.949275 0.965932 0.983595 0.895077 0.968368 0.870811 0.914461 0.873843 0.870042 0.854622 0.840663 0.826652 0.812641 0.79863 0.784619 0.770607 0.756596 0.742585 0.728574 0.714563 0.700552 0.686541 0.67253 0.658519 0.644508 0.630497 0.616486 0.602471 0.588428 0.5741 0.557227 0.5 
1 1 1 1 1 1 1 0.999948 1.00337 0.981275 1.00813 1.12502 0.895298 0.977039 0.964991 0.912916 0.956149 0.866403 0.919497 0.85766 0.870654 0.849456 0.836111 0.821913 0.807742 0.793571 0.779401 0.76523 0.751059 0.736888 0.722717 0.708546 0.694375 0.680204 0.666033 0.651862 0.637691 0.62352 0.609345 0.595134 0.58061 0.563302 0.5 
1 1 1 1 1 1 1 0.99999 1.0008 0.997884 0.984603 1.03858 1.11587 0.843385 1.00273 0.952684 0.925262 0.937821 0.873597 0.916082 0.846623 0.871606 0.841067 0.831677 0.816886 0.802568 0.788236 0.773905 0.759573 0.745242 0.73091 0.716578 0.702247 0.687915 0.673584 0.659252 0.64492 0.630588 0.616252 0.601876 0.587153 0.569444 0.5 
1 1 1 1 1 1 1 0.999998 1.00021 1.00048 0.993998 0.977251 1.07345 1.08011 0.814915 1.05591 0.928067 0.924535 0.925097 0.882823 0.90658 0.841787 0.873616 0.828098 0.829321 0.811603 0.797354 0.78285 0.768353 0.753856 0.739359 0.724861 0.710364 0.695867 0.68137 0.666872 0.652375 0.637877 0.623375 0.608827 0.593907 0.575802 0.5 
1 1 1 1 1 1 1 1 0.999957 1.00033 1.00063 0.988802 0.945339 1.12108 1.0287 0.82393 1.12236 0.879413 0.923552 0.919818 0.885548 0.896388 0.843263 0.873802 0.813437 0.830214 0.805052 0.792437 0.777632 0.762962 0.74829 0.733618 0.718945 0.704273 0.6896 0.674928 0.660256 0.645583 0.630904 0.616178 0.601049 0.582551 0.5 
1 1 1 1 1 1 1 1 0.99999 0.999867 1.00056 0.999742 0.974638 0.948585 1.15859 0.945568 0.884346 1.15367 0.812484 0.937759 0.917706 0.881734 0.885422 0.849192 0.865179 0.806983 0.830344 0.794515 0.787917 0.771873 0.757095 0.742249 0.727404 0.712559 0.697714 0.682869 0.668024 0.653178 0.638326 0.623423 0.608095 0.589226 0.5 
1 1 1 1 1 1 1 1 0.999998 0.999955 1.00005 1.00037 1.00314 0.957754 0.988411 1.2058 0.837534 0.956291 1.11727 0.757681 0.975264 0.913 0.872163 0.879047 0.849968 0.853102 0.80737 0.828428 0.780474 0.785563 0.765214 0.750839 0.735792 0.720776 0.70576 0.690744 0.675727 0.66071 0.645687 0.630609 0.615083 0.595865 0.5 
1 1 1 1 1 1 1 1 1 0.999984 0.99997 1.00013 1.00114 0.994516 0.960752 1.04697 1.16683 0.774824 1.04251 1.02396 0.751986 1.03513 0.885935 0.86429 0.876419 0.843099 0.841741 0.81082 0.820103 0.770673 0.783293 0.756323 0.74434 0.728841 0.71367 0.698485 0.683301 0.668115 0.652923 0.637673 0.621957 0.602405 0.5 
1 1 1 1 1 1 1 1 1 1 0.999974 0.999996 1.00042 1.00014 0.983049 0.953948 1.10377 1.08259 0.724639 1.14489 0.936175 0.798626 1.09385 0.826841 0.866705 0.875499 0.831502 0.836675 0.808528 0.810722 0.766352 0.780945 0.744829 0.739084 0.721883 0.706672 0.691304 0.67594 0.66057 0.645139 0.629222 0.60933 0.5 
1 1 1 1 1 1 1 1 1 1 0.999998 0.999976 1.00005 1.0004 1.00093 0.969892 0.927965 1.15763 0.970812 0.764423 1.26919 0.800406 0.876461 1.10247 0.756791 0.885961 0.872928 0.821159 0.834615 0.801226 0.801846 0.764974 0.777351 0.731315 0.736221 0.714264 0.699721 0.684101 0.668547 0.652927 0.636804 0.616566 0.5 
1 1 1 1 1 1 1 1 1 1 1 0.99999 0.999993 1.00006 1.00066 1.00041 0.945357 0.979154 1.18062 0.821482 0.908254 1.24873 0.725996 0.967418 1.01855 0.725662 0.919535 0.861395 0.817204 0.828979 0.792286 0.791382 0.76528 0.765713 0.723481 0.731712 0.704102 0.692083 0.675889 0.660124 0.643809 0.623263 0.5 
1 1 1 1 1 1 1 1 1 1 1 0.999999 0.999988 1.00001 1.00012 1.00069 0.989193 0.948202 1.04202 1.13488 0.775361 1.01683 1.12964 0.659598 1.08925 0.924718 0.744352 0.961126 0.833011 0.813858 0.82363 0.781306 0.786931 0.758458 0.754588 0.719369 0.726324 0.692267 0.685354 0.667405 0.651101 0.630228 0.5 
1 1 1 1 1 1 1 1 1 1 1 1 0.999996 0.999992 1.00002 1.00026 0.999758 0.975 0.931329 1.10205 1.06455 0.695244 1.16794 0.990107 0.680439 1.21628 0.804296 0.793481 0.995146 0.783239 0.815426 0.818746 0.772658 0.785088 0.747598 0.747499 0.714964 0.72176 0.679354 0.681092 0.658311 0.63816 0.5 
1 1 1 1 1 1 1 1 1 1 1 1 1 0.999994 0.999998 1.0001 1.00012 0.999063 0.953457 0.922995 1.14956 0.923841 0.734525 1.29282 0.814346 0.819218 1.25709 0.690497 0.863643 0.968928 0.737624 0.827519 0.808605 0.769766 0.778403 0.737288 0.739036 0.711918 0.71115 0.670196 0.675383 0.64279 0.5 
1 1 1 1 1 1 1 1 1 1 1 1 1 0.999999 0.999995 0.99999 1.00015 0.999804 1.00166 0.924556 0.987064 1.16009 0.76077 0.88781 1.3009 0.701715 0.961509 1.12896 0.630058 0.973725 0.897995 0.728335 0.842463 0.795637 0.766482 0.768558 0.728214 0.732423 0.704697 0.697988 0.665008 0.659522 0.5 
1 1 1 1 1 1 1 1 1 1 1 1 1 1 0.999998 0.999992 1.00005 1.00001 1.00041 0.978725 0.933572 1.05517 1.07164 0.741061 1.02934 1.15241 0.641481 1.12915 0.942601 0.669366 1.05126 0.820767 0.75387 0.854055 0.774507 0.760402 0.757969 0.721537 0.726184 0.693786 0.688666 0.653591 0.5 
1 1 1 1 1 1 1 1 1 1 1 1 1 1 1 0.999997 0.999999 1.00005 1.0001 1.00025 0.959133 0.906468 1.11594 0.981626 0.671483 1.20875 0.992886 0.666381 1.2678 0.779885 0.757663 1.11658 0.711407 0.789947 0.855987 0.746944 0.754719 0.75125 0.714999 0.721377 0.68187 0.674128 0.5 
1 1 1 1 1 1 1 1 1 1 1 1 1 1 1 0.999999 0.999997 0.999997 1.00007 1.00016 0.999708 0.926356 0.947231 1.127 0.815627 0.73848 1.34282 0.787804 0.838838 1.28365 0.65152 0.886179 1.03698 0.65301 0.845284 0.831302 0.723799 0.754164 0.741049 0.711062 0.712161 0.667111 0.5 
1 1 1 1 1 1 1 1 1 1 1 1 1 1 1 1 0.999999 0.999996 0.999999 1.00012 1 0.988573 0.918403 1.01522 1.09482 0.687735 0.911306 1.3072 0.69819 0.995443 1.10115 0.611962 1.03779 0.891289 0.664299 0.892594 0.79616 0.718532 0.753027 0.730744 0.704838 0.691124 0.5 
1 1 1 1 1 1 1 1 1 1 1 1 1 1 1 1 1 0.999998 0.999997 1.00004 1.00009 0.997116 0.960841 0.915941 1.07928 0.964674 0.707649 1.08192 1.14554 0.633481 1.16491 0.901471 0.693872 1.11583 0.753046 0.734927 0.91567 0.73982 0.724515 0.749484 0.719949 0.690538 0.5 
1 1 1 1 1 1 1 1 1 1 1 1 1 1 1 1 1 1 0.999997 0.999993 1.00006 0.99951 0.999976 0.933742 0.94262 1.09148 0.840682 0.638229 1.28917 0.980078 0.696735 1.30607 0.717407 0.817436 1.12632 0.648296 0.799995 0.903911 0.68169 0.736557 0.74431 0.699778 0.5 
1 1 1 1 1 1 1 1 1 1 1 1 1 1 1 1 1 1 1 0.999995 1.00002 0.999905 0.999639 0.995723 0.918845 0.997262 1.07072 0.659554 0.735122 1.45213 0.746452 0.894976 1.23059 0.655514 0.949637 0.980106 0.615085 0.900038 0.831424 0.658935 0.756537 0.724435 0.5 
1 1 1 1 1 1 1 1 1 1 1 1 1 1 1 1 1 1 1 0.999998 1 0.999991 0.999792 0.998203 0.964178 0.925409 1.05261 0.934748 0.642285 0.965534 1.3312 0.69559 1.05492 1.01012 0.65944 1.06509 0.804115 0.696683 0.936915 0.74153 0.688264 0.754448 0.5 
1 1 1 1 1 1 1 1 1 1 1 1 1 1 1 1 1 1 1 0.999999 1 1 0.999936 0.999293 0.996961 0.937579 0.968122 1.03355 0.777337 0.686516 1.18348 1.14677 0.678206 1.16211 0.849909 0.796171 1.08398 0.66869 0.800896 0.914489 0.659336 0.726384 0.5 
1 1 1 1 1 1 1 1 1 1 1 1 1 1 1 1 1 1 1 1 0.999999 1 0.999987 0.999859 0.998688 0.989304 0.93156 0.99468 1.03127 0.651536 0.607655 1.40655 1.00009 0.770448 1.24657 0.724563 0.897505 0.987641 0.622984 0.893451 0.845104 0.65342 0.5 
1 1 1 1 1 1 1 1 1 1 1 1 1 1 1 1 1 1 1 1 0.999999 1 0.999996 0.999946 0.999483 0.995767 0.96577 0.932316 1.03279 0.928099 0.55173 0.744121 1.59678 0.753204 0.959239 1.11049 0.679928 1.00108 0.81773 0.685186 0.941092 0.781888 0.5 
1 1 1 1 1 1 1 1 1 1 1 1 1 1 1 1 1 1 1 1 1 1 0.999998 0.999976 0.99976 0.997982 0.98985 0.94081 0.979496 0.994316 0.72092 0.641883 1.04301 1.41615 0.69104 1.09836 0.90076 0.805736 0.98657 0.691458 0.810061 0.900729 0.5 
1 1 1 1 1 1 1 1 1 1 1 1 1 1 1 1 1 1 1 1 1 1 0.999999 0.999991 0.999906 0.999245 0.995324 0.972319 0.93929 0.999955 0.935796 0.607538 0.679458 1.30855 1.19224 0.756807 1.15137 0.788943 0.898063 0.870669 0.686533 0.891127 0.5 
1 1 1 1 1 1 1 1 1 1 1 1 1 1 1 1 1 1 1 1 1 1 0.999999 0.999997 0.999968 0.999738 0.99823 0.993717 0.952867 0.962109 0.982568 0.823088 0.599547 0.636322 1.55148 1.03951 0.879729 1.09607 0.752132 0.912953 0.781601 0.794437 0.5 
1 1 1 1 1 1 1 1 1 1 1 1 1 1 1 1 1 1 1 1 1 1 1 0.999998 0.999986 0.999882 0.999268 0.996307 0.984017 0.947324 0.973077 0.935603 0.691379 0.593632 0.826014 1.72668 0.806162 0.98862 0.956245 0.799437 0.876478 0.763079 0.5 
1 1 1 1 1 1 1 1 1 1 1 1 1 1 1 1 1 1 1 1 1 1 1 0.999999 0.999993 0.999941 0.999621 0.998026 0.991408 0.966334 0.959334 0.954868 0.840806 0.575759 0.727645 1.1474 1.52577 0.748063 1.01345 0.882381 0.832324 0.820424 0.5 
1 1 1 1 1 1 1 1 1 1 1 1 1 1 1 1 1 1 1 1 1 1 1 1 0.999997 0.999974 0.999829 0.999076 0.995761 0.988624 0.957196 0.95514 0.915594 0.685993 0.640802 0.766487 1.42474 1.32137 0.75672 1.02809 0.832488 0.812193 0.5 
1 1 1 1 1 1 1 1 1 1 1 1 1 1 1 1 1 1 1 1 1 1 1 1 0.999999 0.99999 0.999929 0.999604 0.99837 0.993104 0.985913 0.946423 0.941164 0.851693 0.606075 0.705757 0.709058 1.68688 1.17079 0.806264 1.01639 0.770533 0.5 
1 1 1 1 1 1 1 1 1 1 1 1 1 1 1 1 1 1 1 1 1 1 1 1 0.999999 0.999995 0.999964 0.999801 0.999091 0.996963 0.988953 0.977357 0.932922 0.903219 0.711987 0.631589 0.727883 0.890694 1.8959 0.862079 0.894263 0.928026 0.5 
1 1 1 1 1 1 1 1 1 1 1 1 1 1 1 1 1 1 1 1 1 1 1 1 1 0.999997 0.99998 0.999888 0.999485 0.998062 0.994054 0.982113 0.963433 0.906087 0.820033 0.6204 0.685924 0.833649 1.24366 1.67793 0.728787 0.920681 0.5 
1 1 1 1 1 1 1 1 1 1 1 1 1 1 1 1 1 1 1 1 1 1 1 1 1 0.999999 0.99999 0.999943 0.99973 0.998951 0.996463 0.990346 0.972726 0.943544 0.858995 0.70697 0.637276 0.765375 0.886513 1.52056 1.40854 0.738712 0.5 
1 1 1 1 1 1 1 1 1 1 1 1 1 1 1 1 1 1 1 1 1 1 1 1 1 0.999999 0.999996 0.999974 0.999873 0.999478 0.998206 0.99433 0.985803 0.959875 0.914704 0.799297 0.626623 0.683646 0.851347 0.82916 1.76125 1.28369 0.5 
1 1 1 1 1 1 1 1 1 1 1 1 1 1 1 1 1 1 1 1 1 1 1 1 1 1 0.999998 0.999986 0.999931 0.999709 0.998945 0.996715 0.990424 0.976219 0.936994 0.86254 0.687873 0.644453 0.757265 0.870991 0.974163 1.93007 0.5 
1 1 1 1 1 1 1 1 1 1 1 1 1 1 1 1 1 1 1 1 1 1 1 1 1 1 0.999999 0.999992 0.99996 0.999827 0.999357 0.997901 0.993893 0.983365 0.958443 0.896036 0.773877 0.626109 0.701174 0.823404 0.951986 1.35022 0.5 
1 1 1 1 1 1 1 1 1 1 1 1 1 1 1 1 1 1 1 1 1 1 1 1 1 1 0.999999 0.999997 0.999984 0.999927 0.999716 0.999021 0.99695 0.99145 0.976639 0.942069 0.857841 0.679573 0.643318 0.740314 0.893771 1.0967 0.5 
1 1 1 1 1 1 1 1 1 1 1 1 1 1 1 1 1 1 1 1 1 1 1 1 1 1 1 0.999999 0.999996 0.99998 0.999914 0.999674 0.998916 0.996554 0.990662 0.972814 0.930083 0.828494 0.607937 0.664974 0.763845 0.998433 0.5 
1 1 1 1 1 1 1 1 1 1 1 1 1 1 1 1 1 1 1 1 1 1 1 1 1 1 1 1 0.999999 0.999996 0.999981 0.999921 0.999687 0.999057 0.996458 0.991474 0.971771 0.920523 0.769128 0.581195 0.69452 0.851213 0.5 
1 1 1 1 1 1 1 1 1 1 1 1 1 1 1 1 1 1 1 1 1 1 1 1 1 1 1 1 1 0.999999 0.999996 0.999981 0.999936 0.999657 0.999438 0.995868 0.992502 0.968756 0.919874 0.66515 0.585542 0.784421 0.5 
1 1 1 1 1 1 1 1 1 1 1 1 1 1 1 1 1 1 1 1 1 1 1 1 1 1 1 1 1 1 0.999999 0.999997 0.999977 1.00004 0.999502 1.00071 0.994109 0.995499 0.959845 0.923114 0.545245 0.676013 0.5 
1 1 1 1 1 1 1 1 1 1 1 1 1 1 1 1 1 1 1 1 1 1 1 1 1 1 1 1 1 1 1 0.999999 0.999993 0.999989 0.999936 0.999753 1.00218 0.99205 1.00619 0.940807 0.841771 0.56043 0.5 
1 1 1 1 1 1 1 1 1 1 1 1 1 1 1 1 1 1 1 1 1 1 1 1 1 1 1 1 1 1 1 1 1 0.99999 0.999991 0.999903 1.0002 1.00029 0.995186 1.01743 0.915595 0.791221 0.5 
1 1 1 1 1 1 1 1 1 1 1 1 1 1 1 1 1 1 1 1 1 1 1 1 1 1 1 1 1 1 1 1 1 1 0.999986 0.999973 0.999787 1.00037 0.999316 0.999637 1.03688 0.871239 0.5 
1 1 1 1 1 1 1 1 1 1 1 1 1 1 1 1 1 1 1 1 1 1 1 1 1 1 1 1 1 1 1 1 1 1 1.00001 0.999975 0.999932 0.999928 1.00047 0.999067 1.00674 1.03848 0.5 
1 1 1 1 1 1 1 1 1 1 1 1 1 1 1 1 1 1 1 1 1 1 1 1 1 1 1 1 1 1 1 1 1 1 1 1.00002 0.999976 0.999911 1.00005 1.00015 0.999209 1.01209 0.5 
1 1 1 1 1 1 1 1 1 1 1 1 1 1 1 1 1 1 1 1 1 1 1 1 1 1 1 1 1 1 1 1 1 1 1 1.00001 1.00003 0.999948 0.999863 1.00013 1.00001 1.00074 0.5 
1 1 1 1 1 1 1 1 1 1 1 1 1 1 1 1 1 1 1 1 1 1 1 1 1 1 1 1 1 1 1 1 1 1 1 1 1.00001 1.00005 0.999898 0.999842 1.00017 1.00009 0.5 
1 1 1 1 1 1 1 1 1 1 1 1 1 1 1 1 1 1 1 1 1 1 1 1 1 1 1 1 1 1 1 1 1 1 1 1 0.999999 1.00002 1.00012 0.999806 0.999772 1.00027 0.5 
1 1 1 1 1 1 1 1 1 1 1 1 1 1 1 1 1 1 1 1 1 1 1 1 1 1 1 1 1 1 1 1 1 1 1 1 1 0.999999 1.00004 1.00023 0.999649 0.999823 0.5 
1 1 1 1 1 1 1 1 1 1 1 1 1 1 1 1 1 1 1 1 1 1 1 1 1 1 1 1 1 1 1 1 1 1 1 1 1 1 0.999998 1.00008 1.00032 0.999498 0.5 
1 1 1 1 1 1 1 1 1 1 1 1 1 1 1 1 1 1 1 1 1 1 1 1 1 1 1 1 1 1 1 1 1 1 1 1 1 1 0.999999 0.999991 1.00014 1.00022 0.5 
1 1 1 1 1 1 1 1 1 1 1 1 1 1 1 1 1 1 1 1 1 1 1 1 1 1 1 1 1 1 1 1 1 1 1 1 1 1 1 0.999998 0.999924 1.00023 0.5 
1 1 1 1 1 1 1 1 1 1 1 1 1 1 1 1 1 1 1 1 1 1 1 1 1 1 1 1 1 1 1 1 1 1 1 1 1 1 1 1 0.999985 0.999961 0.5 
1 1 1 1 1 1 1 1 1 1 1 1 1 1 1 1 1 1 1 1 1 1 1 1 1 1 1 1 1 1 1 1 1 1 1 1 1 1 1 1 1 0.999978 0.5 
1 1 1 1 1 1 1 1 1 1 1 1 1 1 1 1 1 1 1 1 1 1 1 1 1 1 1 1 1 1 1 1 1 1 1 1 1 1 1 1 1 1 0.5 
1 1 1 1 1 1 1 1 1 1 1 1 1 1 1 1 1 1 1 1 1 1 1 1 1 1 1 1 1 1 1 1 1 1 1 1 1 1 1 1 1 1 0.5 
1 1 1 1 1 1 1 1 1 1 1 1 1 1 1 1 1 1 1 1 1 1 1 1 1 1 1 1 1 1 1 1 1 1 1 1 1 1 1 1 1 1 0.5 
1 1 1 1 1 1 1 1 1 1 1 1 1 1 1 1 1 1 1 1 1 1 1 1 1 1 1 1 1 1 1 1 1 1 1 1 1 1 1 1 1 1 0.5 
