1 1 0.9875 0.975 0.9625 0.95 0.9375 0.925 0.9125 0.9 0.8875 0.875 0.8625 0.85 0.8375 0.825 0.8125 0.8 0.7875 0.775 0.7625 0.75 0.7375 0.725 0.7125 0.7 0.6875 0.675 0.6625 0.65 0.6375 0.625 0.6125 0.6 0.5875 0.575 0.5625 0.55 0.5375 0.525 0.5125 0.5 0.5 
1 1 0.998645 0.982313 0.969719 0.957125 0.944531 0.931938 0.919344 0.90675 0.894156 0.881563 0.868969 0.856375 0.843781 0.831188 0.818594 0.806 0.793406 0.780813 0.768219 0.755625 0.743031 0.730438 0.717844 0.70525 0.692656 0.680063 0.667469 0.654875 0.642281 0.629688 0.617094 0.6045 0.591906 0.579313 0.566719 0.554125 0.541531 0.528938 0.516344 0.50375 0.5 
1 1 0.999494 0.997303 0.975425 0.964357 0.951668 0.938979 0.926291 0.913602 0.900913 0.888224 0.875535 0.862846 0.850157 0.837468 0.824779 0.81209 0.799401 0.786713 0.774024 0.761335 0.748646 0.735957 0.723268 0.710579 0.69789 0.685201 0.672512 0.659823 0.647134 0.634446 0.621757 0.609068 0.596379 0.58369 0.571001 0.558312 0.545623 0.532934 0.520245 0.507917 0.5 
1 1 0.999838 0.998646 0.995926 0.966134 0.959611 0.946128 0.933343 0.920557 0.907772 0.894986 0.882201 0.869415 0.85663 0.843844 0.831059 0.818273 0.805488 0.792702 0.779917 0.767131 0.754345 0.74156 0.728774 0.715989 0.703203 0.690418 0.677632 0.664847 0.652061 0.639276 0.62649 0.613705 0.600919 0.588134 0.575348 0.562563 0.549777 0.536992 0.524234 0.511892 0.5 
1 1 0.999943 0.999542 0.997445 0.993544 0.954517 0.956657 0.940208 0.927619 0.914735 0.901852 0.888968 0.876085 0.863201 0.850317 0.837434 0.82455 0.811667 0.798783 0.785899 0.773016 0.760132 0.747249 0.734365 0.721482 0.708598 0.695714 0.682831 0.669947 0.657064 0.64418 0.631296 0.618413 0.605529 0.592646 0.579762 0.566878 0.553995 0.541113 0.528272 0.51562 0.5 
1 1 0.99998 0.999806 0.999078 0.995598 0.987628 0.945069 0.95464 0.932984 0.921929 0.908823 0.89584 0.882857 0.869874 0.856891 0.843907 0.830924 0.817941 0.804958 0.791975 0.778991 0.766008 0.753025 0.740042 0.727059 0.714075 0.701092 0.688109 0.675126 0.662143 0.64916 0.636176 0.623193 0.61021 0.597227 0.584244 0.57126 0.558277 0.545298 0.532348 0.519268 0.5 
1 1 0.999993 0.999924 0.999553 0.998175 0.99233 0.978067 0.940922 0.951895 0.923639 0.916827 0.902769 0.889734 0.87665 0.863566 0.850481 0.837397 0.824313 0.811228 0.798144 0.78506 0.771975 0.758891 0.745807 0.732722 0.719638 0.706554 0.693469 0.680385 0.667301 0.654216 0.641132 0.628048 0.614963 0.601879 0.588795 0.57571 0.562627 0.549546 0.536467 0.522931 0.5 
1 1 0.999997 0.999969 0.999807 0.999079 0.996566 0.987573 0.967123 0.939559 0.947992 0.912578 0.913283 0.896274 0.883552 0.870345 0.857158 0.843971 0.830784 0.817597 0.80441 0.791223 0.778036 0.764849 0.751662 0.738475 0.725288 0.712101 0.698914 0.685727 0.672539 0.659352 0.646165 0.632978 0.619791 0.606604 0.593417 0.58023 0.567044 0.553858 0.54064 0.526649 0.5 
1 1 0.999999 0.999988 0.999915 0.999578 0.998245 0.994089 0.982626 0.955309 0.93872 0.941342 0.903496 0.910599 0.888542 0.877436 0.863933 0.850649 0.837357 0.824066 0.810775 0.797483 0.784192 0.7709 0.757609 0.744318 0.731026 0.717735 0.704444 0.691152 0.677861 0.664569 0.651278 0.637987 0.624695 0.611404 0.598112 0.584821 0.57153 0.558237 0.544874 0.530441 0.5 
1 1 1 0.999995 0.999964 0.999805 0.999167 0.99696 0.990592 0.978598 0.942854 0.936087 0.932377 0.899133 0.907063 0.878927 0.871894 0.857343 0.844038 0.830638 0.81724 0.803843 0.790446 0.777048 0.763651 0.750253 0.736856 0.723459 0.710061 0.696664 0.683267 0.669869 0.656472 0.643074 0.629677 0.61628 0.602882 0.589485 0.576088 0.562684 0.549174 0.534318 0.5 
1 1 1 0.999998 0.999984 0.999912 0.999602 0.998491 0.995313 0.985901 0.973524 0.930677 0.932326 0.92369 0.896753 0.902243 0.868011 0.867709 0.850288 0.837353 0.823809 0.810305 0.7968 0.783295 0.769789 0.756284 0.742779 0.729274 0.715769 0.702264 0.688759 0.675254 0.661749 0.648244 0.634739 0.621234 0.607729 0.594223 0.580718 0.567202 0.553543 0.538283 0.5 
1 1 1 0.999999 0.999993 0.99996 0.999813 0.999266 0.997458 0.993467 0.979684 0.965271 0.920115 0.929348 0.916054 0.893967 0.894899 0.858965 0.864228 0.8421 0.830736 0.816855 0.803256 0.789642 0.776027 0.762413 0.748798 0.735184 0.721569 0.707955 0.69434 0.680726 0.667111 0.653496 0.639882 0.626267 0.612653 0.599038 0.585423 0.571792 0.557985 0.542339 0.5 
1 1 1 1 0.999997 0.999982 0.999913 0.999639 0.998777 0.995966 0.991378 0.971329 0.953492 0.915164 0.925624 0.909012 0.888775 0.885535 0.854071 0.859836 0.832313 0.82462 0.809706 0.796098 0.782366 0.76864 0.754915 0.741189 0.727463 0.713738 0.700012 0.686286 0.67256 0.658835 0.645109 0.631383 0.617658 0.603932 0.590204 0.576458 0.562502 0.546488 0.5 
1 1 1 1 0.999999 0.999992 0.99996 0.999828 0.999357 0.998157 0.993874 0.988898 0.960516 0.940868 0.913262 0.9217 0.901724 0.881293 0.876719 0.850783 0.854125 0.821542 0.819607 0.802112 0.788857 0.774968 0.761132 0.747293 0.733454 0.719616 0.705777 0.691938 0.678099 0.66426 0.650422 0.636583 0.622744 0.608905 0.595064 0.581199 0.567095 0.550729 0.5 
1 1 1 1 1 0.999997 0.999982 0.999917 0.999694 0.998928 0.997487 0.99098 0.986097 0.947263 0.928933 0.912758 0.917481 0.893162 0.87312 0.869618 0.846858 0.846232 0.812229 0.815238 0.793561 0.781655 0.767432 0.753499 0.739544 0.725591 0.711637 0.697683 0.68373 0.669776 0.655822 0.641869 0.627915 0.613961 0.600004 0.58602 0.571768 0.555063 0.5 
1 1 1 1 1 0.999999 0.999992 0.999961 0.999845 0.999509 0.998316 0.996913 0.987032 0.982707 0.931508 0.919197 0.912203 0.913203 0.882658 0.865663 0.864316 0.840657 0.836566 0.806433 0.810029 0.783705 0.774818 0.759697 0.745743 0.731665 0.717595 0.703524 0.689454 0.675384 0.661313 0.647243 0.633172 0.619101 0.605027 0.590921 0.576522 0.559491 0.5 
1 1 1 1 1 0.999999 0.999996 0.999982 0.999926 0.999729 0.999324 0.997493 0.996366 0.981859 0.977301 0.913533 0.913643 0.911059 0.908619 0.869772 0.860327 0.859478 0.832039 0.827409 0.802108 0.803547 0.773046 0.768789 0.751578 0.737888 0.72365 0.709464 0.695275 0.681085 0.666896 0.652707 0.638517 0.624328 0.610134 0.595905 0.581358 0.564012 0.5 
1 1 1 1 1 1 0.999998 0.999992 0.999964 0.999877 0.999564 0.9992 0.996427 0.995529 0.974993 0.966746 0.896441 0.913197 0.90927 0.902195 0.856115 0.857296 0.853667 0.822244 0.819917 0.797188 0.795276 0.763224 0.763383 0.742722 0.730018 0.715486 0.701195 0.686884 0.672574 0.658264 0.643953 0.629643 0.615328 0.600974 0.586279 0.568628 0.5 
1 1 1 1 1 1 0.999999 0.999996 0.999983 0.999934 0.999829 0.999348 0.999063 0.995085 0.994324 0.964656 0.948864 0.887324 0.915466 0.905664 0.891464 0.845376 0.855587 0.84612 0.812932 0.813957 0.790412 0.785407 0.756084 0.757408 0.732853 0.722343 0.707129 0.692788 0.678348 0.663915 0.649482 0.635049 0.620611 0.60613 0.591287 0.573339 0.5 
1 1 1 1 1 1 1 0.999998 0.999992 0.99997 0.999892 0.999798 0.99907 0.998822 0.993421 0.992243 0.94913 0.927161 0.888438 0.917631 0.898416 0.87658 0.841688 0.85187 0.836395 0.805708 0.808155 0.781581 0.775695 0.750543 0.750265 0.722277 0.715159 0.698464 0.684257 0.669662 0.655107 0.640548 0.625985 0.611376 0.596384 0.578146 0.5 
1 1 1 1 1 1 1 0.999999 0.999996 0.999985 0.999958 0.999837 0.999765 0.998712 0.998514 0.991086 0.988741 0.92911 0.907052 0.898277 0.91561 0.887582 0.861206 0.841395 0.846166 0.825208 0.800296 0.801389 0.771636 0.767361 0.744714 0.741704 0.71195 0.708491 0.689281 0.675648 0.660816 0.646144 0.631452 0.616712 0.601571 0.58305 0.5 
1 1 1 1 1 1 1 1 0.999998 0.999993 0.999974 0.999951 0.999767 0.999704 0.998273 0.998155 0.987526 0.983032 0.906752 0.895368 0.907461 0.909552 0.874987 0.847523 0.84038 0.840193 0.81343 0.795208 0.793302 0.761914 0.760359 0.737535 0.731771 0.703198 0.701666 0.679379 0.667073 0.651783 0.63702 0.622143 0.606851 0.588052 0.5 
1 1 1 1 1 1 1 1 0.999999 0.999997 0.99999 0.999961 0.999942 0.999677 0.99959 0.997765 0.997646 0.981983 0.972692 0.878657 0.897246 0.912208 0.903332 0.860006 0.837677 0.838445 0.834136 0.801292 0.789519 0.78396 0.753665 0.753658 0.728714 0.721469 0.69607 0.693939 0.668855 0.658694 0.642499 0.62769 0.612225 0.593153 0.5 
1 1 1 1 1 1 1 1 1 0.999998 0.999994 0.999988 0.999944 0.999931 0.999548 0.999437 0.997138 0.996697 0.973019 0.949337 0.863087 0.908364 0.909969 0.895538 0.841244 0.832709 0.836428 0.826636 0.789092 0.783517 0.774147 0.746879 0.74623 0.718729 0.711992 0.689216 0.685077 0.658201 0.650587 0.632812 0.617768 0.598349 0.5 
1 1 1 1 1 1 1 1 1 0.999999 0.999998 0.999991 0.999986 0.999923 0.999914 0.999368 0.999303 0.996173 0.993877 0.958316 0.916032 0.863139 0.922061 0.904529 0.883508 0.822813 0.833748 0.832076 0.816397 0.777211 0.778505 0.764617 0.740331 0.737698 0.708504 0.70362 0.681595 0.675112 0.648116 0.642491 0.622192 0.603843 0.5 
1 1 1 1 1 1 1 1 1 1 0.999999 0.999997 0.999987 0.999982 0.999898 0.999876 0.999162 0.9991 0.994242 0.988289 0.94071 0.880578 0.880575 0.929035 0.892825 0.863291 0.814321 0.835231 0.825953 0.802813 0.769209 0.773173 0.755001 0.733066 0.728077 0.698991 0.695794 0.672807 0.664468 0.63902 0.633474 0.607325 0.5 
1 1 1 1 1 1 1 1 1 1 0.999999 0.999998 0.999997 0.999981 0.999978 0.99986 0.999821 0.998906 0.998434 0.990786 0.979574 0.917474 0.864962 0.900532 0.92527 0.873782 0.839333 0.816685 0.83413 0.81738 0.787368 0.764806 0.766859 0.744762 0.724896 0.717843 0.690623 0.687672 0.662936 0.653926 0.630243 0.618158 0.5 
1 1 1 1 1 1 1 1 1 1 1 0.999999 0.999997 0.999996 0.999974 0.999973 0.999803 0.999783 0.998398 0.997119 0.985104 0.970195 0.877987 0.867584 0.924215 0.915477 0.85166 0.818817 0.824601 0.828483 0.806952 0.772098 0.761319 0.759888 0.733666 0.716204 0.707773 0.68286 0.678737 0.652436 0.643862 0.617629 0.5 
1 1 1 1 1 1 1 1 1 1 1 1 0.999999 0.999996 0.999994 0.999967 0.999961 0.999739 0.999658 0.997499 0.995329 0.976609 0.954236 0.846721 0.881032 0.933801 0.904212 0.822584 0.813702 0.828348 0.82113 0.794373 0.759491 0.75783 0.751989 0.721685 0.707623 0.698257 0.67484 0.668886 0.641749 0.628168 0.5 
1 1 1 1 1 1 1 1 1 1 1 1 0.999999 0.999999 0.999994 0.999993 0.999955 0.999953 0.999627 0.999436 0.996065 0.992537 0.963801 0.919814 0.839813 0.906997 0.928982 0.882854 0.796209 0.820024 0.826757 0.812176 0.778557 0.750506 0.754799 0.742594 0.709275 0.699727 0.689068 0.666063 0.658304 0.627449 0.5 
1 1 1 1 1 1 1 1 1 1 1 1 1 0.999999 0.999999 0.999991 0.99999 0.999942 0.999938 0.999439 0.999062 0.993802 0.986777 0.946297 0.876054 0.847497 0.940519 0.914384 0.84585 0.787761 0.830791 0.820858 0.801138 0.760167 0.747871 0.749077 0.730901 0.697334 0.692854 0.679651 0.656378 0.640542 0.5 
1 1 1 1 1 1 1 1 1 1 1 1 1 1 0.999999 0.999998 0.999988 0.999986 0.999925 0.999905 0.999129 0.998253 0.990047 0.977141 0.92842 0.839105 0.874256 0.949994 0.897046 0.800229 0.7997 0.835161 0.811993 0.787589 0.744925 0.746097 0.741516 0.71687 0.687386 0.686513 0.669111 0.641869 0.5 
1 1 1 1 1 1 1 1 1 1 1 1 1 1 1 0.999998 0.999998 0.999984 0.999984 0.999895 0.999812 0.998591 0.996713 0.984139 0.96383 0.889365 0.839363 0.909347 0.939955 0.862995 0.777294 0.815607 0.83106 0.79773 0.76979 0.736483 0.743731 0.732188 0.701241 0.680697 0.678763 0.651154 0.5 
1 1 1 1 1 1 1 1 1 1 1 1 1 1 1 1 0.999997 0.999996 0.999979 0.999976 0.999836 0.999597 0.997656 0.994201 0.974908 0.951208 0.841254 0.850766 0.948327 0.921244 0.810154 0.77673 0.835689 0.821743 0.780209 0.751191 0.735332 0.738166 0.720834 0.686303 0.675069 0.663265 0.5 
1 1 1 1 1 1 1 1 1 1 1 1 1 1 1 1 1 0.999996 0.999996 0.999972 0.999948 0.999722 0.999196 0.996089 0.991084 0.961604 0.923105 0.821265 0.876991 0.957509 0.89661 0.760301 0.797796 0.840884 0.809715 0.761292 0.737479 0.734224 0.730585 0.707024 0.673474 0.665977 0.5 
1 1 1 1 1 1 1 1 1 1 1 1 1 1 1 1 0.999999 0.999999 0.999995 0.999993 0.999956 0.999892 0.999506 0.998593 0.993681 0.985788 0.942508 0.878372 0.828196 0.921354 0.942826 0.839631 0.751548 0.826125 0.832751 0.791521 0.74098 0.730509 0.731649 0.721021 0.691178 0.661276 0.5 
1 1 1 1 1 1 1 1 1 1 1 1 1 1 1 1 1 0.999999 0.999999 0.999993 0.999986 0.999927 0.999793 0.99914 0.997623 0.989897 0.976476 0.922297 0.833167 0.843892 0.962751 0.92081 0.768409 0.768604 0.850125 0.820001 0.768358 0.724399 0.729158 0.726613 0.708953 0.66855 0.5 
1 1 1 1 1 1 1 1 1 1 1 1 1 1 1 1 1 1 0.999999 0.999999 0.999988 0.999972 0.999873 0.999624 0.998532 0.995962 0.983976 0.962602 0.88839 0.819362 0.878489 0.968382 0.875224 0.735165 0.798851 0.851855 0.800439 0.739845 0.718398 0.728191 0.718443 0.68554 0.5 
1 1 1 1 1 1 1 1 1 1 1 1 1 1 1 1 1 1 1 0.999999 0.999997 0.99998 0.999945 0.999779 0.999335 0.997523 0.993256 0.974843 0.947515 0.836102 0.834959 0.931044 0.944689 0.79809 0.739007 0.842276 0.837229 0.772534 0.714069 0.721865 0.723419 0.700024 0.5 
1 1 1 1 1 1 1 1 1 1 1 1 1 1 1 1 1 1 1 1 0.999998 0.999993 0.999966 0.999899 0.999617 0.998848 0.995871 0.989531 0.961347 0.920764 0.808249 0.849231 0.968245 0.91443 0.72381 0.770231 0.865358 0.819039 0.735254 0.706074 0.72472 0.710626 0.5 
1 1 1 1 1 1 1 1 1 1 1 1 1 1 1 1 1 1 1 1 0.999999 0.999996 0.999986 0.999941 0.999818 0.999342 0.998084 0.993299 0.983764 0.942108 0.87678 0.809496 0.891752 0.965694 0.840738 0.714909 0.814668 0.860217 0.788369 0.698811 0.714505 0.717539 0.5 
1 1 1 1 1 1 1 1 1 1 1 1 1 1 1 1 1 1 1 1 0.999999 0.999998 0.999992 0.999973 0.999897 0.999681 0.99889 0.996899 0.989313 0.974093 0.920375 0.825458 0.82756 0.951982 0.934879 0.746803 0.735006 0.869743 0.836611 0.738757 0.689318 0.720139 0.5 
1 1 1 1 1 1 1 1 1 1 1 1 1 1 1 1 1 1 1 1 1 0.999999 0.999996 0.999985 0.99995 0.999822 0.999457 0.998162 0.994994 0.983207 0.959268 0.88764 0.804181 0.854653 0.975946 0.882848 0.698413 0.779396 0.882627 0.806609 0.688285 0.705133 0.5 
1 1 1 1 1 1 1 1 1 1 1 1 1 1 1 1 1 1 1 1 1 0.999999 0.999998 0.999993 0.999974 0.999912 0.999696 0.999093 0.996998 0.991954 0.973922 0.941763 0.83513 0.817204 0.910665 0.954669 0.788825 0.709106 0.843238 0.863326 0.747647 0.678562 0.5 
1 1 1 1 1 1 1 1 1 1 1 1 1 1 1 1 1 1 1 1 1 1 0.999999 0.999996 0.999987 0.999953 0.999847 0.999489 0.998504 0.995148 0.987556 0.960008 0.917963 0.796184 0.831186 0.964025 0.9175 0.697673 0.743945 0.89363 0.831985 0.685451 0.5 
1 1 1 1 1 1 1 1 1 1 1 1 1 1 1 1 1 1 1 1 1 1 0.999999 0.999998 0.999993 0.999976 0.999918 0.99974 0.99915 0.997586 0.992272 0.981356 0.940446 0.872689 0.792708 0.87253 0.969573 0.83377 0.687384 0.803326 0.892242 0.769437 0.5 
1 1 1 1 1 1 1 1 1 1 1 1 1 1 1 1 1 1 1 1 1 1 1 0.999999 0.999997 0.999988 0.999958 0.999859 0.999565 0.998607 0.996205 0.987907 0.971146 0.917292 0.816812 0.813569 0.938807 0.934812 0.726647 0.715309 0.882457 0.842779 0.5 
1 1 1 1 1 1 1 1 1 1 1 1 1 1 1 1 1 1 1 1 1 1 1 1 0.999998 0.999994 0.999978 0.999927 0.999762 0.999287 0.997752 0.99406 0.981351 0.955377 0.884281 0.790551 0.837775 0.972292 0.874499 0.675944 0.769453 0.89763 0.5 
1 1 1 1 1 1 1 1 1 1 1 1 1 1 1 1 1 1 1 1 1 1 1 1 0.999999 0.999997 0.999989 0.999961 0.999876 0.999603 0.998849 0.996416 0.990697 0.971539 0.93595 0.830641 0.800971 0.897237 0.950658 0.770252 0.693806 0.858527 0.5 
1 1 1 1 1 1 1 1 1 1 1 1 1 1 1 1 1 1 1 1 1 1 1 1 1 0.999998 0.999994 0.99998 0.999934 0.999793 0.999349 0.998162 0.994337 0.985786 0.956781 0.912402 0.784114 0.817796 0.955743 0.90724 0.677346 0.793705 0.5 
1 1 1 1 1 1 1 1 1 1 1 1 1 1 1 1 1 1 1 1 1 1 1 1 1 0.999999 0.999997 0.99999 0.999966 0.999888 0.99966 0.998945 0.997107 0.991138 0.979065 0.936045 0.864613 0.779001 0.861424 0.960866 0.801167 0.730287 0.5 
1 1 1 1 1 1 1 1 1 1 1 1 1 1 1 1 1 1 1 1 1 1 1 1 1 1 0.999998 0.999995 0.999982 0.999941 0.999814 0.999448 0.99831 0.995549 0.986329 0.968066 0.911123 0.805194 0.800924 0.930884 0.92427 0.724995 0.5 
1 1 1 1 1 1 1 1 1 1 1 1 1 1 1 1 1 1 1 1 1 1 1 1 1 1 0.999999 0.999997 0.999991 0.999969 0.999902 0.999693 0.999119 0.997325 0.993166 0.979158 0.951073 0.875524 0.777281 0.827905 0.963506 0.861485 0.5 
1 1 1 1 1 1 1 1 1 1 1 1 1 1 1 1 1 1 1 1 1 1 1 1 1 1 1 0.999999 0.999995 0.999984 0.999947 0.999838 0.999502 0.998613 0.995809 0.989466 0.968456 0.929995 0.818012 0.789162 0.890095 0.932324 0.5 
1 1 1 1 1 1 1 1 1 1 1 1 1 1 1 1 1 1 1 1 1 1 1 1 1 1 1 0.999999 0.999997 0.999991 0.999972 0.999912 0.999737 0.999201 0.997832 0.993475 0.984076 0.952353 0.903428 0.770679 0.806891 0.943913 0.5 
1 1 1 1 1 1 1 1 1 1 1 1 1 1 1 1 1 1 1 1 1 1 1 1 1 1 1 1 0.999999 0.999995 0.999985 0.999953 0.999855 0.999577 0.99873 0.996649 0.989906 0.97658 0.929743 0.851665 0.766838 0.882197 0.5 
1 1 1 1 1 1 1 1 1 1 1 1 1 1 1 1 1 1 1 1 1 1 1 1 1 1 1 1 0.999999 0.999998 0.999992 0.999975 0.999923 0.999764 0.99933 0.998 0.994909 0.984546 0.964348 0.902924 0.786881 0.833461 0.5 
1 1 1 1 1 1 1 1 1 1 1 1 1 1 1 1 1 1 1 1 1 1 1 1 1 1 1 1 1 0.999999 0.999996 0.999987 0.999958 0.999874 0.99962 0.998953 0.996878 0.99225 0.976579 0.945441 0.849154 0.798335 0.5 
1 1 1 1 1 1 1 1 1 1 1 1 1 1 1 1 1 1 1 1 1 1 1 1 1 1 1 1 1 0.999999 0.999998 0.999993 0.999978 0.999931 0.999797 0.999395 0.998379 0.995161 0.988115 0.964041 0.9259 0.797486 0.5 
1 1 1 1 1 1 1 1 1 1 1 1 1 1 1 1 1 1 1 1 1 1 1 1 1 1 1 1 1 1 0.999999 0.999996 0.999988 0.999963 0.999888 0.999678 0.999045 0.997499 0.992506 0.982515 0.946159 0.875809 0.5 
1 1 1 1 1 1 1 1 1 1 1 1 1 1 1 1 1 1 1 1 1 1 1 1 1 1 1 1 1 1 0.999999 0.999998 0.999994 0.99998 0.99994 0.999819 0.999493 0.998503 0.996207 0.988502 0.972583 0.911868 0.5 
1 1 1 1 1 1 1 1 1 1 1 1 1 1 1 1 1 1 1 1 1 1 1 1 1 1 1 1 1 1 1 0.999999 0.999997 0.999989 0.999967 0.999903 0.999711 0.999213 0.99767 0.994174 0.982057 0.947498 0.5 
1 1 1 1 1 1 1 1 1 1 1 1 1 1 1 1 1 1 1 1 1 1 1 1 1 1 1 1 1 1 1 0.999999 0.999998 0.999994 0.999982 0.999946 0.999845 0.999542 0.998782 0.996375 0.990386 0.966811 0.5 
1 1 1 1 1 1 1 1 1 1 1 1 1 1 1 1 1 1 1 1 1 1 1 1 1 1 1 1 1 1 1 1 0.999999 0.999997 0.999991 0.999971 0.999914 0.999755 0.99928 0.998078 0.994139 0.980483 0.5 
1 1 1 1 1 1 1 1 1 1 1 1 1 1 1 1 1 1 1 1 1 1 1 1 1 1 1 1 1 1 1 1 1 0.999998 0.999995 0.999984 0.999953 0.999862 0.999614 0.998862 0.996765 0.988287 0.5 
1 1 1 1 1 1 1 1 1 1 1 1 1 1 1 1 1 1 1 1 1 1 1 1 1 1 1 1 1 1 1 1 1 0.999999 0.999997 0.999992 0.999974 0.999925 0.99978 0.999381 0.998105 0.993198 0.5 
1 1 1 1 1 1 1 1 1 1 1 1 1 1 1 1 1 1 1 1 1 1 1 1 1 1 1 1 1 1 1 1 1 1 0.999999 0.999995 0.999986 0.999959 0.99988 0.999645 0.998942 0.996027 0.5 
1 1 1 1 1 1 1 1 1 1 1 1 1 1 1 1 1 1 1 1 1 1 1 1 1 1 1 1 1 1 1 1 1 1 0.999999 0.999998 0.999993 0.999978 0.999933 0.999805 0.999395 0.997717 0.5 
1 1 1 1 1 1 1 1 1 1 1 1 1 1 1 1 1 1 1 1 1 1 1 1 1 1 1 1 1 1 1 1 1 1 1 0.999999 0.999996 0.999988 0.999964 0.999891 0.999662 0.998689 0.5 
1 1 1 1 1 1 1 1 1 1 1 1 1 1 1 1 1 1 1 1 1 1 1 1 1 1 1 1 1 1 1 1 1 1 1 0.999999 0.999998 0.999993 0.99998 0.99994 0.99981 0.999254 0.5 
1 1 1 1 1 1 1 1 1 1 1 1 1 1 1 1 1 1 1 1 1 1 1 1 1 1 1 1 1 1 1 1 1 1 1 1 0.999999 0.999996 0.999989 0.999967 0.999894 0.999577 0.5 
1 1 1 1 1 1 1 1 1 1 1 1 1 1 1 1 1 1 1 1 1 1 1 1 1 1 1 1 1 1 1 1 1 1 1 1 0.999999 0.999998 0.999994 0.999982 0.999941 0.999761 0.5 
1 1 1 1 1 1 1 1 1 1 1 1 1 1 1 1 1 1 1 1 1 1 1 1 1 1 1 1 1 1 1 1 1 1 1 1 1 0.999999 0.999997 0.99999 0.999967 0.999866 0.5 
1 1 1 1 1 1 1 1 1 1 1 1 1 1 1 1 1 1 1 1 1 1 1 1 1 1 1 1 1 1 1 1 1 1 1 1 1 0.999999 0.999998 0.999995 0.999982 0.999925 0.5 
1 1 1 1 1 1 1 1 1 1 1 1 1 1 1 1 1 1 1 1 1 1 1 1 1 1 1 1 1 1 1 1 1 1 1 1 1 1 0.999999 0.999997 0.99999 0.999958 0.5 
1 1 1 1 1 1 1 1 1 1 1 1 1 1 1 1 1 1 1 1 1 1 1 1 1 1 1 1 1 1 1 1 1 1 1 1 1 1 0.999999 0.999998 0.999995 0.999977 0.5 
1 1 1 1 1 1 1 1 1 1 1 1 1 1 1 1 1 1 1 1 1 1 1 1 1 1 1 1 1 1 1 1 1 1 1 1 1 1 1 0.999999 0.999997 0.999987 0.5 
1 1 1 1 1 1 1 1 1 1 1 1 1 1 1 1 1 1 1 1 1 1 1 1 1 1 1 1 1 1 1 1 1 1 1 1 1 1 1 1 0.999998 0.999993 0.5 
1 1 1 1 1 1 1 1 1 1 1 1 1 1 1 1 1 1 1 1 1 1 1 1 1 1 1 1 1 1 1 1 1 1 1 1 1 1 1 1 0.999999 0.999996 0.5 
1 1 1 1 1 1 1 1 1 1 1 1 1 1 1 1 1 1 1 1 1 1 1 1 1 1 1 1 1 1 1 1 1 1 1 1 1 1 1 1 1 0.999998 0.5 
1 1 1 1 1 1 1 1 1 1 1 1 1 1 1 1 1 1 1 1 1 1 1 1 1 1 1 1 1 1 1 1 1 1 1 1 1 1 1 1 1 0.999999 0.5 
1 1 1 1 1 1 1 1 1 1 1 1 1 1 1 1 1 1 1 1 1 1 1 1 1 1 1 1 1 1 1 1 1 1 1 1 1 1 1 1 1 0.999999 0.5 
1 1 1 1 1 1 1 1 1 1 1 1 1 1 1 1 1 1 1 1 1 1 1 1 1 1 1 1 1 1 1 1 1 1 1 1 1 1 1 1 1 1 0.5 
1 1 1 1 1 1 1 1 1 1 1 1 1 1 1 1 1 1 1 1 1 1 1 1 1 1 1 1 1 1 1 1 1 1 1 1 1 1 1 1 1 1 0.5 
1 1 1 1 1 1 1 1 1 1 1 1 1 1 1 1 1 1 1 1 1 1 1 1 1 1 1 1 1 1 1 1 1 1 1 1 1 1 1 1 1 1 0.5 
1 1 1 1 1 1 1 1 1 1 1 1 1 1 1 1 1 1 1 1 1 1 1 1 1 1 1 1 1 1 1 1 1 1 1 1 1 1 1 1 1 1 0.5 
1 1 1 1 1 1 1 1 1 1 1 1 1 1 1 1 1 1 1 1 1 1 1 1 1 1 1 1 1 1 1 1 1 1 1 1 1 1 1 1 1 1 0.5 
