No, norm, delta_time
1, 0.109941, 1
2, 0.0536425, 1
3, 0.0373283, 1
4, 0.0305182, 1
5, 0.0272788, 1
6, 0.0256075, 1
7, 0.0246873, 1
8, 0.0241514, 1
9, 0.0238237, 1
10, 0.0236146, 1
11, 0.023476, 1
12, 0.0233813, 1
13, 0.0233147, 1
14, 0.0232668, 1
15, 0.0232318, 1
16, 0.0232057, 1
17, 0.023186, 1
18, 0.023171, 1
19, 0.0231596, 1
20, 0.0231507, 1
21, 0.0231439, 1
22, 0.0231386, 1
23, 0.0231344, 1
24, 0.0231312, 1
25, 0.0231287, 1
26, 0.0231267, 1
27, 0.0231252, 1
28, 0.023124, 1
29, 0.0231231, 1
30, 0.0231223, 1
31, 0.0231218, 1
32, 0.0231213, 1
33, 0.023121, 1
34, 0.0231207, 1
35, 0.0231205, 1
36, 0.0231204, 1
37, 0.0231203, 1
38, 0.0231202, 1
39, 0.0231202, 1
40, 0.0231201, 1
41, 0.0231201, 1
42, 0.0231201, 1
43, 0.02312, 1
44, 0.02312, 1
45, 0.02312, 1
46, 0.02312, 1
47, 0.02312, 1
48, 0.02312, 1
49, 0.02312, 1
50, 0.0231199, 1
51, 0.0231199, 1
52, 0.0231199, 1
53, 0.0231199, 1
54, 0.0231199, 1
55, 0.0231199, 1
56, 0.0231199, 1
57, 0.0231199, 1
58, 0.0231199, 1
59, 0.02312, 1
60, 0.02312, 1
61, 0.02312, 1
62, 0.02312, 1
63, 0.02312, 1
64, 0.02312, 1
65, 0.02312, 1
66, 0.02312, 1
67, 0.02312, 1
68, 0.02312, 1
69, 0.02312, 1
70, 0.0231199, 1
71, 0.0231199, 1
72, 0.0231199, 1
73, 0.0231199, 1
74, 0.0231199, 1
75, 0.0231199, 1
76, 0.0231199, 1
77, 0.0231199, 1
78, 0.0231199, 1
79, 0.02312, 1
80, 0.02312, 1
81, 0.02312, 1
82, 0.02312, 1
83, 0.02312, 1
84, 0.02312, 1
85, 0.02312, 1
86, 0.02312, 1
87, 0.02312, 1
88, 0.02312, 1
89, 0.0231199, 1
90, 0.0231199, 1
91, 0.0231199, 1
92, 0.0231199, 1
93, 0.0231199, 1
94, 0.0231199, 1
95, 0.0231199, 1
96, 0.0231199, 1
97, 0.0231199, 1
98, 0.0231199, 1
99, 0.02312, 1
100, 0.02312, 1
101, 0.02312, 1
102, 0.02312, 1
103, 0.02312, 1
104, 0.02312, 1
105, 0.02312, 1
106, 0.02312, 1
107, 0.02312, 1
108, 0.02312, 1
109, 0.0231199, 1
110, 0.0231199, 1
111, 0.0231199, 1
112, 0.0231199, 1
113, 0.0231199, 1
114, 0.0231199, 1
115, 0.0231199, 1
116, 0.0231199, 1
117, 0.0231199, 1
118, 0.0231199, 1
119, 0.02312, 1
120, 0.02312, 1
121, 0.02312, 1
122, 0.02312, 1
123, 0.02312, 1
124, 0.02312, 1
125, 0.02312, 1
126, 0.02312, 1
127, 0.02312, 1
128, 0.02312, 1
129, 0.0231199, 1
130, 0.0231199, 1
131, 0.0231199, 1
132, 0.0231199, 1
133, 0.0231199, 1
134, 0.0231199, 1
135, 0.0231199, 1
136, 0.0231199, 1
137, 0.0231199, 1
138, 0.0231199, 1
139, 0.02312, 1
140, 0.02312, 1
141, 0.02312, 1
142, 0.02312, 1
143, 0.02312, 1
144, 0.02312, 1
145, 0.02312, 1
146, 0.02312, 1
147, 0.02312, 1
148, 0.02312, 1
149, 0.0231199, 1
150, 0.0231199, 1
151, 0.0231199, 1
152, 0.0231199, 1
153, 0.0231199, 1
154, 0.0231199, 1
155, 0.0231199, 1
156, 0.0231199, 1
157, 0.0231199, 1
158, 0.0231199, 1
159, 0.02312, 1
160, 0.02312, 1
161, 0.02312, 1
162, 0.02312, 1
163, 0.02312, 1
164, 0.02312, 1
165, 0.02312, 1
166, 0.02312, 1
167, 0.02312, 1
168, 0.02312, 1
169, 0.0231199, 1
170, 0.0231199, 1
171, 0.0231199, 1
172, 0.0231199, 1
173, 0.0231199, 1
174, 0.0231199, 1
175, 0.0231199, 1
176, 0.0231199, 1
177, 0.0231199, 1
178, 0.0231199, 1
179, 0.02312, 1
180, 0.02312, 1
181, 0.02312, 1
182, 0.02312, 1
183, 0.02312, 1
184, 0.02312, 1
185, 0.02312, 1
186, 0.02312, 1
187, 0.02312, 1
188, 0.02312, 1
189, 0.0231199, 1
190, 0.0231199, 1
191, 0.0231199, 1
192, 0.0231199, 1
193, 0.0231199, 1
194, 0.0231199, 1
195, 0.0231199, 1
196, 0.0231199, 1
197, 0.0231199, 1
198, 0.0231199, 1
199, 0.02312, 1
200, 0.02312, 1
201, 0.02312, 1
202, 0.02312, 1
203, 0.02312, 1
204, 0.02312, 1
205, 0.02312, 1
206, 0.02312, 1
207, 0.02312, 1
208, 0.02312, 1
209, 0.0231199, 1
210, 0.0231199, 1
211, 0.0231199, 1
212, 0.0231199, 1
213, 0.0231199, 1
214, 0.0231199, 1
215, 0.0231199, 1
216, 0.0231199, 1
217, 0.0231199, 1
218, 0.0231199, 1
219, 0.02312, 1
220, 0.02312, 1
221, 0.02312, 1
222, 0.02312, 1
223, 0.02312, 1
224, 0.02312, 1
225, 0.02312, 1
226, 0.02312, 1
227, 0.02312, 1
228, 0.02312, 1
229, 0.0231199, 1
230, 0.0231199, 1
231, 0.0231199, 1
232, 0.0231199, 1
233, 0.0231199, 1
234, 0.0231199, 1
235, 0.0231199, 1
236, 0.0231199, 1
237, 0.0231199, 1
238, 0.0231199, 1
239, 0.02312, 1
240, 0.02312, 1
241, 0.02312, 1
242, 0.02312, 1
243, 0.02312, 1
244, 0.02312, 1
245, 0.02312, 1
246, 0.02312, 1
247, 0.02312, 1
248, 0.02312, 1
249, 0.0231199, 1
250, 0.0231199, 1
251, 0.0231199, 1
252, 0.0231199, 1
253, 0.0231199, 1
254, 0.0231199, 1
255, 0.0231199, 1
256, 0.0231199, 1
257, 0.0231199, 1
258, 0.0231199, 1
259, 0.02312, 1
260, 0.02312, 1
261, 0.02312, 1
262, 0.02312, 1
263, 0.02312, 1
264, 0.02312, 1
265, 0.02312, 1
266, 0.02312, 1
267, 0.02312, 1
268, 0.02312, 1
269, 0.0231199, 1
270, 0.0231199, 1
271, 0.0231199, 1
272, 0.0231199, 1
273, 0.0231199, 1
274, 0.0231199, 1
275, 0.0231199, 1
276, 0.0231199, 1
277, 0.0231199, 1
278, 0.0231199, 1
279, 0.02312, 1
280, 0.02312, 1
281, 0.02312, 1
282, 0.02312, 1
283, 0.02312, 1
284, 0.02312, 1
285, 0.02312, 1
286, 0.02312, 1
287, 0.02312, 1
288, 0.02312, 1
289, 0.0231199, 1
290, 0.0231199, 1
291, 0.0231199, 1
292, 0.0231199, 1
293, 0.0231199, 1
294, 0.0231199, 1
295, 0.0231199, 1
296, 0.0231199, 1
297, 0.0231199, 1
298, 0.0231199, 1
299, 0.02312, 1
300, 0.02312, 1
301, 0.02312, 1
302, 0.02312, 1
303, 0.02312, 1
304, 0.02312, 1
305, 0.02312, 1
306, 0.02312, 1
307, 0.02312, 1
308, 0.02312, 1
309, 0.0231199, 1
310, 0.0231199, 1
311, 0.0231199, 1
312, 0.0231199, 1
313, 0.0231199, 1
314, 0.0231199, 1
315, 0.0231199, 1
316, 0.0231199, 1
317, 0.0231199, 1
318, 0.0231199, 1
319, 0.02312, 1
320, 0.02312, 1
321, 0.02312, 1
322, 0.02312, 1
323, 0.02312, 1
324, 0.02312, 1
325, 0.02312, 1
326, 0.02312, 1
327, 0.02312, 1
328, 0.02312, 1
329, 0.0231199, 1
330, 0.0231199, 1
331, 0.0231199, 1
332, 0.0231199, 1
333, 0.0231199, 1
334, 0.0231199, 1
335, 0.0231199, 1
336, 0.0231199, 1
337, 0.0231199, 1
338, 0.0231199, 1
339, 0.02312, 1
340, 0.02312, 1
341, 0.02312, 1
342, 0.02312, 1
343, 0.02312, 1
344, 0.02312, 1
345, 0.02312, 1
346, 0.02312, 1
347, 0.02312, 1
348, 0.02312, 1
349, 0.0231199, 1
350, 0.0231199, 1
351, 0.0231199, 1
352, 0.0231199, 1
353, 0.0231199, 1
354, 0.0231199, 1
355, 0.0231199, 1
356, 0.0231199, 1
357, 0.0231199, 1
358, 0.0231199, 1
359, 0.02312, 1
360, 0.02312, 1
361, 0.02312, 1
362, 0.02312, 1
363, 0.02312, 1
364, 0.02312, 1
365, 0.02312, 1
366, 0.02312, 1
367, 0.02312, 1
368, 0.02312, 1
369, 0.0231199, 1
370, 0.0231199, 1
371, 0.0231199, 1
372, 0.0231199, 1
373, 0.0231199, 1
374, 0.0231199, 1
375, 0.0231199, 1
376, 0.0231199, 1
377, 0.0231199, 1
378, 0.0231199, 1
379, 0.02312, 1
380, 0.02312, 1
381, 0.02312, 1
382, 0.02312, 1
383, 0.02312, 1
384, 0.02312, 1
385, 0.02312, 1
386, 0.02312, 1
387, 0.02312, 1
388, 0.02312, 1
389, 0.0231199, 1
390, 0.0231199, 1
391, 0.0231199, 1
392, 0.0231199, 1
393, 0.0231199, 1
394, 0.0231199, 1
395, 0.0231199, 1
396, 0.0231199, 1
397, 0.0231199, 1
398, 0.0231199, 1
399, 0.02312, 1
400, 0.02312, 1
401, 0.02312, 1
402, 0.02312, 1
403, 0.02312, 1
404, 0.02312, 1
405, 0.02312, 1
406, 0.02312, 1
407, 0.02312, 1
408, 0.02312, 1
409, 0.0231199, 1
410, 0.0231199, 1
411, 0.0231199, 1
412, 0.0231199, 1
413, 0.0231199, 1
414, 0.0231199, 1
415, 0.0231199, 1
416, 0.0231199, 1
417, 0.0231199, 1
418, 0.0231199, 1
419, 0.02312, 1
420, 0.02312, 1
421, 0.02312, 1
422, 0.02312, 1
423, 0.02312, 1
424, 0.02312, 1
425, 0.02312, 1
426, 0.02312, 1
427, 0.02312, 1
428, 0.02312, 1
429, 0.0231199, 1
430, 0.0231199, 1
431, 0.0231199, 1
432, 0.0231199, 1
433, 0.0231199, 1
434, 0.0231199, 1
435, 0.0231199, 1
436, 0.0231199, 1
437, 0.0231199, 1
438, 0.0231199, 1
439, 0.02312, 1
440, 0.02312, 1
441, 0.02312, 1
442, 0.02312, 1
443, 0.02312, 1
444, 0.02312, 1
445, 0.02312, 1
446, 0.02312, 1
447, 0.02312, 1
448, 0.02312, 1
449, 0.0231199, 1
450, 0.0231199, 1
451, 0.0231199, 1
452, 0.0231199, 1
453, 0.0231199, 1
454, 0.0231199, 1
455, 0.0231199, 1
456, 0.0231199, 1
457, 0.0231199, 1
458, 0.0231199, 1
459, 0.02312, 1
460, 0.02312, 1
461, 0.02312, 1
462, 0.02312, 1
463, 0.02312, 1
464, 0.02312, 1
465, 0.02312, 1
466, 0.02312, 1
467, 0.02312, 1
468, 0.02312, 1
469, 0.0231199, 1
470, 0.0231199, 1
471, 0.0231199, 1
472, 0.0231199, 1
473, 0.0231199, 1
474, 0.0231199, 1
475, 0.0231199, 1
476, 0.0231199, 1
477, 0.0231199, 1
478, 0.0231199, 1
479, 0.02312, 1
480, 0.02312, 1
481, 0.02312, 1
482, 0.02312, 1
483, 0.02312, 1
484, 0.02312, 1
485, 0.02312, 1
486, 0.02312, 1
487, 0.02312, 1
488, 0.02312, 1
489, 0.0231199, 1
490, 0.0231199, 1
491, 0.0231199, 1
492, 0.0231199, 1
493, 0.0231199, 1
494, 0.0231199, 1
495, 0.0231199, 1
496, 0.0231199, 1
497, 0.0231199, 1
498, 0.0231199, 1
499, 0.02312, 1
500, 0.02312, 1
501, 0.02312, 1
502, 0.02312, 1
503, 0.02312, 1
504, 0.02312, 1
505, 0.02312, 1
506, 0.02312, 1
507, 0.02312, 1
508, 0.02312, 1
509, 0.0231199, 1
510, 0.0231199, 1
511, 0.0231199, 1
512, 0.0231199, 1
513, 0.0231199, 1
514, 0.0231199, 1
515, 0.0231199, 1
516, 0.0231199, 1
517, 0.0231199, 1
518, 0.0231199, 1
519, 0.02312, 1
520, 0.02312, 1
521, 0.02312, 1
522, 0.02312, 1
523, 0.02312, 1
524, 0.02312, 1
525, 0.02312, 1
526, 0.02312, 1
527, 0.02312, 1
528, 0.02312, 1
529, 0.0231199, 1
530, 0.0231199, 1
531, 0.0231199, 1
532, 0.0231199, 1
533, 0.0231199, 1
534, 0.0231199, 1
535, 0.0231199, 1
536, 0.0231199, 1
537, 0.0231199, 1
538, 0.0231199, 1
539, 0.02312, 1
540, 0.02312, 1
541, 0.02312, 1
542, 0.02312, 1
543, 0.02312, 1
544, 0.02312, 1
545, 0.02312, 1
546, 0.02312, 1
547, 0.02312, 1
548, 0.02312, 1
549, 0.0231199, 1
550, 0.0231199, 1
551, 0.0231199, 1
552, 0.0231199, 1
553, 0.0231199, 1
554, 0.0231199, 1
555, 0.0231199, 1
556, 0.0231199, 1
557, 0.0231199, 1
558, 0.0231199, 1
559, 0.02312, 1
560, 0.02312, 1
561, 0.02312, 1
562, 0.02312, 1
563, 0.02312, 1
564, 0.02312, 1
565, 0.02312, 1
566, 0.02312, 1
567, 0.02312, 1
568, 0.02312, 1
569, 0.0231199, 1
570, 0.0231199, 1
571, 0.0231199, 1
572, 0.0231199, 1
573, 0.0231199, 1
574, 0.0231199, 1
575, 0.0231199, 1
576, 0.0231199, 1
577, 0.0231199, 1
578, 0.0231199, 1
579, 0.02312, 1
580, 0.02312, 1
581, 0.02312, 1
582, 0.02312, 1
583, 0.02312, 1
584, 0.02312, 1
585, 0.02312, 1
586, 0.02312, 1
587, 0.02312, 1
588, 0.02312, 1
589, 0.0231199, 1
590, 0.0231199, 1
591, 0.0231199, 1
592, 0.0231199, 1
593, 0.0231199, 1
594, 0.0231199, 1
595, 0.0231199, 1
596, 0.0231199, 1
597, 0.0231199, 1
598, 0.0231199, 1
599, 0.02312, 1
600, 0.02312, 1
601, 0.02312, 1
602, 0.02312, 1
603, 0.02312, 1
604, 0.02312, 1
605, 0.02312, 1
606, 0.02312, 1
607, 0.02312, 1
608, 0.02312, 1
609, 0.0231199, 1
610, 0.0231199, 1
611, 0.0231199, 1
612, 0.0231199, 1
613, 0.0231199, 1
614, 0.0231199, 1
615, 0.0231199, 1
616, 0.0231199, 1
617, 0.0231199, 1
618, 0.0231199, 1
619, 0.02312, 1
620, 0.02312, 1
621, 0.02312, 1
622, 0.02312, 1
623, 0.02312, 1
624, 0.02312, 1
625, 0.02312, 1
626, 0.02312, 1
627, 0.02312, 1
628, 0.02312, 1
629, 0.0231199, 1
630, 0.0231199, 1
631, 0.0231199, 1
632, 0.0231199, 1
633, 0.0231199, 1
634, 0.0231199, 1
635, 0.0231199, 1
636, 0.0231199, 1
637, 0.0231199, 1
638, 0.0231199, 1
639, 0.02312, 1
640, 0.02312, 1
641, 0.02312, 1
642, 0.02312, 1
643, 0.02312, 1
644, 0.02312, 1
645, 0.02312, 1
646, 0.02312, 1
647, 0.02312, 1
648, 0.02312, 1
649, 0.0231199, 1
650, 0.0231199, 1
651, 0.0231199, 1
652, 0.0231199, 1
653, 0.0231199, 1
654, 0.0231199, 1
655, 0.0231199, 1
656, 0.0231199, 1
657, 0.0231199, 1
658, 0.0231199, 1
659, 0.02312, 1
660, 0.02312, 1
661, 0.02312, 1
662, 0.02312, 1
663, 0.02312, 1
664, 0.02312, 1
665, 0.02312, 1
666, 0.02312, 1
667, 0.02312, 1
668, 0.02312, 1
669, 0.0231199, 1
670, 0.0231199, 1
671, 0.0231199, 1
672, 0.0231199, 1
673, 0.0231199, 1
674, 0.0231199, 1
675, 0.0231199, 1
676, 0.0231199, 1
677, 0.0231199, 1
678, 0.0231199, 1
679, 0.02312, 1
680, 0.02312, 1
681, 0.02312, 1
682, 0.02312, 1
683, 0.02312, 1
684, 0.02312, 1
685, 0.02312, 1
686, 0.02312, 1
687, 0.02312, 1
688, 0.02312, 1
689, 0.0231199, 1
690, 0.0231199, 1
691, 0.0231199, 1
692, 0.0231199, 1
693, 0.0231199, 1
694, 0.0231199, 1
695, 0.0231199, 1
696, 0.0231199, 1
697, 0.0231199, 1
698, 0.0231199, 1
699, 0.02312, 1
700, 0.02312, 1
701, 0.02312, 1
702, 0.02312, 1
703, 0.02312, 1
704, 0.02312, 1
705, 0.02312, 1
706, 0.02312, 1
707, 0.02312, 1
708, 0.02312, 1
709, 0.0231199, 1
710, 0.0231199, 1
711, 0.0231199, 1
712, 0.0231199, 1
713, 0.0231199, 1
714, 0.0231199, 1
715, 0.0231199, 1
716, 0.0231199, 1
717, 0.0231199, 1
718, 0.0231199, 1
719, 0.02312, 1
720, 0.02312, 1
721, 0.02312, 1
722, 0.02312, 1
723, 0.02312, 1
724, 0.02312, 1
725, 0.02312, 1
726, 0.02312, 1
727, 0.02312, 1
728, 0.02312, 1
729, 0.0231199, 1
730, 0.0231199, 1
731, 0.0231199, 1
732, 0.0231199, 1
733, 0.0231199, 1
734, 0.0231199, 1
735, 0.0231199, 1
736, 0.0231199, 1
737, 0.0231199, 1
738, 0.0231199, 1
739, 0.02312, 1
740, 0.02312, 1
741, 0.02312, 1
742, 0.02312, 1
743, 0.02312, 1
744, 0.02312, 1
745, 0.02312, 1
746, 0.02312, 1
747, 0.02312, 1
748, 0.02312, 1
749, 0.0231199, 1
750, 0.0231199, 1
751, 0.0231199, 1
752, 0.0231199, 1
753, 0.0231199, 1
754, 0.0231199, 1
755, 0.0231199, 1
756, 0.0231199, 1
757, 0.0231199, 1
758, 0.0231199, 1
759, 0.02312, 1
760, 0.02312, 1
761, 0.02312, 1
762, 0.02312, 1
763, 0.02312, 1
764, 0.02312, 1
765, 0.02312, 1
766, 0.02312, 1
767, 0.02312, 1
768, 0.02312, 1
769, 0.0231199, 1
770, 0.0231199, 1
771, 0.0231199, 1
772, 0.0231199, 1
773, 0.0231199, 1
774, 0.0231199, 1
775, 0.0231199, 1
776, 0.0231199, 1
777, 0.0231199, 1
778, 0.0231199, 1
779, 0.02312, 1
780, 0.02312, 1
781, 0.02312, 1
782, 0.02312, 1
783, 0.02312, 1
784, 0.02312, 1
785, 0.02312, 1
786, 0.02312, 1
787, 0.02312, 1
788, 0.02312, 1
789, 0.0231199, 1
790, 0.0231199, 1
791, 0.0231199, 1
792, 0.0231199, 1
793, 0.0231199, 1
794, 0.0231199, 1
795, 0.0231199, 1
796, 0.0231199, 1
797, 0.0231199, 1
798, 0.0231199, 1
799, 0.02312, 1
800, 0.02312, 1
801, 0.02312, 1
802, 0.02312, 1
803, 0.02312, 1
804, 0.02312, 1
805, 0.02312, 1
806, 0.02312, 1
807, 0.02312, 1
808, 0.02312, 1
809, 0.0231199, 1
810, 0.0231199, 1
811, 0.0231199, 1
812, 0.0231199, 1
813, 0.0231199, 1
814, 0.0231199, 1
815, 0.0231199, 1
816, 0.0231199, 1
817, 0.0231199, 1
818, 0.0231199, 1
819, 0.02312, 1
820, 0.02312, 1
821, 0.02312, 1
822, 0.02312, 1
823, 0.02312, 1
824, 0.02312, 1
825, 0.02312, 1
826, 0.02312, 1
827, 0.02312, 1
828, 0.02312, 1
829, 0.0231199, 1
830, 0.0231199, 1
831, 0.0231199, 1
832, 0.0231199, 1
833, 0.0231199, 1
834, 0.0231199, 1
835, 0.0231199, 1
836, 0.0231199, 1
837, 0.0231199, 1
838, 0.0231199, 1
839, 0.02312, 1
840, 0.02312, 1
841, 0.02312, 1
842, 0.02312, 1
843, 0.02312, 1
844, 0.02312, 1
845, 0.02312, 1
846, 0.02312, 1
847, 0.02312, 1
848, 0.02312, 1
849, 0.0231199, 1
850, 0.0231199, 1
851, 0.0231199, 1
852, 0.0231199, 1
853, 0.0231199, 1
854, 0.0231199, 1
855, 0.0231199, 1
856, 0.0231199, 1
857, 0.0231199, 1
858, 0.0231199, 1
859, 0.02312, 1
860, 0.02312, 1
861, 0.02312, 1
862, 0.02312, 1
863, 0.02312, 1
864, 0.02312, 1
865, 0.02312, 1
866, 0.02312, 1
867, 0.02312, 1
868, 0.02312, 1
869, 0.0231199, 1
870, 0.0231199, 1
871, 0.0231199, 1
872, 0.0231199, 1
873, 0.0231199, 1
874, 0.0231199, 1
875, 0.0231199, 1
876, 0.0231199, 1
877, 0.0231199, 1
878, 0.0231199, 1
879, 0.02312, 1
880, 0.02312, 1
881, 0.02312, 1
882, 0.02312, 1
883, 0.02312, 1
884, 0.02312, 1
885, 0.02312, 1
886, 0.02312, 1
887, 0.02312, 1
888, 0.02312, 1
889, 0.0231199, 1
890, 0.0231199, 1
891, 0.0231199, 1
892, 0.0231199, 1
893, 0.0231199, 1
894, 0.0231199, 1
895, 0.0231199, 1
896, 0.0231199, 1
897, 0.0231199, 1
898, 0.0231199, 1
899, 0.02312, 1
900, 0.02312, 1
901, 0.02312, 1
902, 0.02312, 1
903, 0.02312, 1
904, 0.02312, 1
905, 0.02312, 1
906, 0.02312, 1
907, 0.02312, 1
908, 0.02312, 1
909, 0.02312, 1
910, 0.0231199, 1
911, 0.0231199, 1
912, 0.0231199, 1
913, 0.0231199, 1
914, 0.0231199, 1
915, 0.0231199, 1
916, 0.0231199, 1
917, 0.0231199, 1
918, 0.0231199, 1
919, 0.02312, 1
920, 0.02312, 1
921, 0.02312, 1
922, 0.02312, 1
923, 0.02312, 1
924, 0.02312, 1
925, 0.02312, 1
926, 0.02312, 1
927, 0.02312, 1
928, 0.02312, 1
929, 0.02312, 1
930, 0.0231199, 1
931, 0.0231199, 1
932, 0.0231199, 1
933, 0.0231199, 1
934, 0.0231199, 1
935, 0.0231199, 1
936, 0.0231199, 1
937, 0.0231199, 1
938, 0.0231199, 1
939, 0.0231199, 1
940, 0.02312, 1
941, 0.02312, 1
942, 0.02312, 1
943, 0.02312, 1
944, 0.02312, 1
945, 0.02312, 1
946, 0.02312, 1
947, 0.02312, 1
948, 0.02312, 1
949, 0.0231199, 1
950, 0.0231199, 1
951, 0.0231199, 1
952, 0.0231199, 1
953, 0.0231199, 1
954, 0.0231199, 1
955, 0.0231199, 1
956, 0.0231199, 1
957, 0.0231199, 1
958, 0.0231199, 1
959, 0.0231199, 1
960, 0.0231199, 1
961, 0.02312, 1
962, 0.02312, 1
963, 0.02312, 1
964, 0.02312, 1
965, 0.02312, 1
966, 0.02312, 1
967, 0.0231199, 1
968, 0.0231199, 1
969, 0.0231199, 1
970, 0.0231199, 1
971, 0.0231199, 1
972, 0.0231199, 1
973, 0.0231199, 1
974, 0.0231199, 1
975, 0.0231199, 1
976, 0.0231199, 1
977, 0.0231199, 1
978, 0.0231199, 1
979, 0.0231199, 1
980, 0.0231199, 1
981, 0.0231199, 1
982, 0.02312, 1
983, 0.02312, 1
984, 0.02312, 1
985, 0.02312, 1
986, 0.02312, 1
987, 0.02312, 1
988, 0.02312, 1
989, 0.02312, 1
990, 0.02312, 1
991, 0.02312, 1
992, 0.02312, 1
993, 0.02312, 1
994, 0.02312, 1
995, 0.02312, 1
996, 0.02312, 1
997, 0.02312, 1
998, 0.02312, 1
999, 0.0231201, 1
1000, 0.0231201, 1
1001, 0.0231201, 1
1002, 0.0231201, 1
1003, 0.0231202, 1
1004, 0.0231202, 1
1005, 0.0231202, 1
1006, 0.0231202, 1
1007, 0.0231203, 1
1008, 0.0231203, 1
1009, 0.0231203, 1
1010, 0.0231203, 1
1011, 0.0231204, 1
1012, 0.0231204, 1
1013, 0.0231204, 1
1014, 0.0231205, 1
1015, 0.0231205, 1
1016, 0.0231206, 1
1017, 0.0231206, 1
1018, 0.0231207, 1
1019, 0.0231207, 1
1020, 0.0231208, 1
1021, 0.0231208, 1
1022, 0.0231209, 1
1023, 0.0231209, 1
1024, 0.0231209, 1
1025, 0.023121, 1
1026, 0.023121, 1
1027, 0.023121, 1
1028, 0.023121, 1
1029, 0.023121, 1
1030, 0.0231211, 1
1031, 0.0231211, 1
1032, 0.023121, 1
1033, 0.023121, 1
1034, 0.023121, 1
1035, 0.023121, 1
1036, 0.0231209, 1
1037, 0.0231209, 1
1038, 0.0231208, 1
1039, 0.0231207, 1
1040, 0.0231206, 1
1041, 0.0231204, 1
1042, 0.0231203, 1
1043, 0.0231201, 1
1044, 0.0231198, 1
1045, 0.0231196, 1
1046, 0.0231193, 1
1047, 0.0231189, 1
1048, 0.0231185, 1
1049, 0.0231181, 1
1050, 0.0231176, 1
1051, 0.0231171, 1
1052, 0.0231166, 1
1053, 0.023116, 1
1054, 0.0231153, 1
1055, 0.0231146, 1
1056, 0.0231138, 1
1057, 0.0231129, 1
1058, 0.023112, 1
1059, 0.0231111, 1
1060, 0.02311, 1
1061, 0.0231089, 1
1062, 0.0231077, 1
1063, 0.0231065, 1
1064, 0.0231052, 1
1065, 0.0231038, 1
1066, 0.0231023, 1
1067, 0.0231008, 1
1068, 0.0230992, 1
1069, 0.0230975, 1
1070, 0.0230958, 1
1071, 0.0230941, 1
1072, 0.0230923, 1
1073, 0.0230905, 1
1074, 0.0230887, 1
1075, 0.0230869, 1
1076, 0.0230851, 1
1077, 0.0230834, 1
1078, 0.0230816, 1
1079, 0.02308, 1
1080, 0.0230785, 1
1081, 0.023077, 1
1082, 0.0230758, 1
1083, 0.0230747, 1
1084, 0.0230738, 1
1085, 0.0230732, 1
1086, 0.0230729, 1
1087, 0.0230729, 1
1088, 0.0230733, 1
1089, 0.0230742, 1
1090, 0.0230756, 1
1091, 0.0230776, 1
1092, 0.0230802, 1
1093, 0.0230835, 1
1094, 0.0230877, 1
1095, 0.0230927, 1
1096, 0.0230986, 1
1097, 0.0231056, 1
1098, 0.0231138, 1
1099, 0.0231232, 1
1100, 0.0231339, 1
1101, 0.0231461, 1
1102, 0.0231598, 1
1103, 0.0231752, 1
1104, 0.0231924, 1
1105, 0.0232115, 1
1106, 0.0232327, 1
1107, 0.0232559, 1
1108, 0.0232814, 1
1109, 0.0233093, 1
1110, 0.0233396, 1
1111, 0.0233726, 1
1112, 0.0234082, 1
1113, 0.0234466, 1
1114, 0.0234878, 1
1115, 0.023532, 1
1116, 0.0235791, 1
1117, 0.0236292, 1
1118, 0.0236823, 1
1119, 0.0237384, 1
1120, 0.0237973, 1
1121, 0.0238591, 1
1122, 0.0239236, 1
1123, 0.0239907, 1
1124, 0.02406, 1
1125, 0.0241313, 1
1126, 0.0242043, 1
1127, 0.0242786, 1
1128, 0.0243537, 1
1129, 0.024429, 1
1130, 0.0245039, 1
1131, 0.0245776, 1
1132, 0.0246493, 1
1133, 0.0247181, 1
1134, 0.0247829, 1
1135, 0.0248425, 1
1136, 0.0248958, 1
1137, 0.0249413, 1
1138, 0.0249776, 1
1139, 0.025003, 1
1140, 0.0250159, 1
1141, 0.0250146, 1
1142, 0.0249972, 1
1143, 0.0249618, 1
1144, 0.0249066, 1
1145, 0.0248295, 1
1146, 0.0247288, 1
1147, 0.0246025, 1
1148, 0.024449, 1
1149, 0.0242665, 1
1150, 0.0240536, 1
1151, 0.023809, 1
1152, 0.0235317, 1
1153, 0.0232208, 1
1154, 0.022876, 1
1155, 0.0224971, 1
1156, 0.0220843, 1
1157, 0.0216382, 1
1158, 0.0211598, 1
1159, 0.0206504, 1
1160, 0.0201118, 1
1161, 0.0195461, 1
1162, 0.0189557, 1
1163, 0.0183432, 1
1164, 0.0177117, 1
1165, 0.0170643, 1
1166, 0.0164043, 1
1167, 0.0157351, 1
1168, 0.0150602, 1
1169, 0.014383, 1
1170, 0.0137068, 1
1171, 0.0130349, 1
1172, 0.0123702, 1
1173, 0.0117158, 1
1174, 0.0110741, 1
1175, 0.0104475, 1
1176, 0.00983808, 1
1177, 0.00924764, 1
1178, 0.00867765, 1
1179, 0.00812932, 1
1180, 0.00760356, 1
1181, 0.00710103, 1
1182, 0.00662215, 1
1183, 0.00616709, 1
1184, 0.00573583, 1
1185, 0.00532816, 1
1186, 0.00494371, 1
1187, 0.00458197, 1
1188, 0.00424233, 1
1189, 0.00392406, 1
1190, 0.00362637, 1
1191, 0.00334842, 1
1192, 0.00308932, 1
1193, 0.00284817, 1
1194, 0.00262403, 1
1195, 0.00241597, 1
1196, 0.00222309, 1
1197, 0.00204448, 1
1198, 0.00187925, 1
1199, 0.00172656, 1
1200, 0.00158557, 1
1201, 0.00145551, 1
1202, 0.00133562, 1
1203, 0.00122517, 1
1204, 0.00112351, 1
1205, 0.00102997, 1
1206, 0.00094397, 1
1207, 0.000864934, 1
1208, 0.000792334, 1
1209, 0.000725675, 1
1210, 0.000664496, 1
1211, 0.000608367, 1
1212, 0.000556888, 1
1213, 0.000509689, 1
1214, 0.000466427, 1
1215, 0.000426783, 1
1216, 0.000390464, 1
1217, 0.000357198, 1
1218, 0.000326734, 1
1219, 0.000298843, 1
1220, 0.00027331, 1
1221, 0.00024994, 1
1222, 0.000228552, 1
1223, 0.000208982, 1
1224, 0.000191077, 1
1225, 0.000174697, 1
1226, 0.000159713, 1
1227, 0.000146009, 1
1228, 0.000133474, 1
1229, 0.000122012, 1
1230, 0.00011153, 1
1231, 0.000101945, 1
1232, 9.3182e-05, 1
1233, 8.51697e-05, 1
1234, 7.78445e-05, 1
1235, 7.11479e-05, 1
1236, 6.50261e-05, 1
1237, 5.94299e-05, 1
1238, 5.43145e-05, 1
1239, 4.96387e-05, 1
1240, 4.53647e-05, 1
1241, 4.14583e-05, 1
1242, 3.78878e-05, 1
1243, 3.46244e-05, 1
1244, 3.16419e-05, 1
1245, 2.8916e-05, 1
1246, 2.64247e-05, 1
1247, 2.41479e-05, 1
1248, 2.20671e-05, 1
1249, 2.01655e-05, 1
1250, 1.84276e-05, 1
1251, 1.68395e-05, 1
1252, 1.53881e-05, 1
1253, 1.40618e-05, 1
1254, 1.28497e-05, 1
1255, 1.17421e-05, 1
1256, 1.07299e-05, 1
1257, 9.80497e-06, 1
1258, 8.95972e-06, 1
1259, 8.18732e-06, 1
1260, 7.48148e-06, 1
1261, 6.83648e-06, 1
1262, 6.24708e-06, 1
1263, 5.70848e-06, 1
1264, 5.21631e-06, 1
1265, 4.76657e-06, 1
1266, 4.3556e-06, 1
1267, 3.98006e-06, 1
1268, 3.63689e-06, 1
1269, 3.32331e-06, 1
1270, 3.03676e-06, 1
1271, 2.77492e-06, 1
1272, 2.53565e-06, 1
1273, 2.31701e-06, 1
1274, 2.11722e-06, 1
1275, 1.93466e-06, 1
1276, 1.76784e-06, 1
1277, 1.6154e-06, 1
1278, 1.47611e-06, 1
1279, 1.34883e-06, 1
1280, 1.23252e-06, 1
1281, 1.12624e-06, 1
1282, 1.02913e-06, 1
1283, 9.40385e-07, 1
1284, 8.59296e-07, 1
1285, 7.85199e-07, 1
1286, 7.17491e-07, 1
1287, 6.55621e-07, 1
1288, 5.99086e-07, 1
1289, 5.47427e-07, 1
1290, 5.00222e-07, 1
1291, 4.57087e-07, 1
1292, 4.17672e-07, 1
1293, 3.81655e-07, 1
1294, 3.48745e-07, 1
1295, 3.18672e-07, 1
1296, 2.91192e-07, 1
1297, 2.66082e-07, 1
1298, 2.43138e-07, 1
1299, 2.22171e-07, 1
1300, 2.03013e-07, 1
1301, 1.85507e-07, 1
1302, 1.6951e-07, 1
1303, 1.54893e-07, 1
1304, 1.41536e-07, 1
1305, 1.29331e-07, 1
1306, 1.18179e-07, 1
1307, 1.07988e-07, 1
