1 1 0.95 0.9 0.85 0.8 0.75 0.7 0.65 0.6 0.55 0.5 0.45 0.4 0.35 0.3 0.25 0.2 0.15 0.1 0.05 0 -0.05 -0.1 -0.15 -0.2 -0.25 -0.3 -0.35 -0.4 -0.45 -0.5 -0.55 -0.6 -0.65 -0.7 -0.75 -0.8 -0.85 -0.9 -0.95 -1 -1 
1 1 0.964438 0.909 0.8585 0.808 0.7575 0.707 0.6565 0.606 0.5555 0.505 0.4545 0.404 0.3535 0.303 0.2525 0.202 0.1515 0.101 0.0505 -5.52943e-19 -0.0505 -0.101 -0.1515 -0.202 -0.2525 -0.303 -0.3535 -0.404 -0.4545 -0.505 -0.5555 -0.606 -0.6565 -0.707 -0.7575 -0.808 -0.8585 -0.909 -0.964438 -1 -1 
1 1 0.974515 0.921236 0.866756 0.816161 0.765151 0.714141 0.663131 0.612121 0.561111 0.510101 0.45909 0.40808 0.35707 0.30606 0.25505 0.20404 0.15303 0.10202 0.0510101 -1.11673e-18 -0.0510101 -0.10202 -0.15303 -0.20404 -0.25505 -0.30606 -0.35707 -0.40808 -0.45909 -0.510101 -0.561111 -0.612121 -0.663131 -0.714141 -0.765151 -0.816161 -0.866735 -0.920965 -0.974807 -1 -1 
1 1 0.981471 0.934249 0.876296 0.824106 0.77299 0.721426 0.669896 0.618365 0.566835 0.515305 0.463774 0.412244 0.360713 0.309183 0.257652 0.206122 0.154591 0.103061 0.0515305 -1.68051e-18 -0.0515305 -0.103061 -0.154591 -0.206122 -0.257652 -0.309183 -0.360713 -0.412244 -0.463774 -0.515305 -0.566835 -0.618365 -0.669896 -0.721426 -0.772991 -0.824109 -0.876182 -0.933607 -0.982222 -1 -1 
1 1 0.986375 0.94633 0.887489 0.832245 0.780807 0.7289 0.676798 0.624738 0.572677 0.520615 0.468554 0.416492 0.364431 0.312369 0.260308 0.208246 0.156185 0.104123 0.0520615 -2.23346e-18 -0.0520615 -0.104123 -0.156185 -0.208246 -0.260308 -0.312369 -0.364431 -0.416492 -0.468554 -0.520615 -0.572677 -0.624738 -0.676798 -0.7289 -0.780818 -0.832238 -0.887064 -0.945665 -0.987461 -1 -1 
1 1 0.989899 0.956742 0.899914 0.84113 0.788544 0.736502 0.683864 0.63124 0.57864 0.526036 0.473433 0.420829 0.368225 0.315622 0.263018 0.210414 0.157811 0.105207 0.0526036 -2.77556e-18 -0.0526036 -0.105207 -0.157811 -0.210414 -0.263018 -0.315622 -0.368225 -0.420829 -0.473433 -0.526036 -0.57864 -0.63124 -0.683863 -0.736506 -0.788574 -0.84105 -0.899006 -0.956477 -0.99112 -1 -1 
1 1 0.992466 0.965381 0.912755 0.851163 0.796362 0.744127 0.691106 0.637883 0.584726 0.531571 0.478413 0.425256 0.372099 0.318942 0.265785 0.212628 0.159471 0.106314 0.053157 -3.29597e-18 -0.053157 -0.106314 -0.159471 -0.212628 -0.265785 -0.318942 -0.372099 -0.425256 -0.478413 -0.531571 -0.584726 -0.637882 -0.691104 -0.744145 -0.796404 -0.850865 -0.911446 -0.965731 -0.993665 -1 -1 
1 1 0.994353 0.972414 0.9252 0.862463 0.804562 0.751708 0.698491 0.644686 0.590938 0.537222 0.4835 0.429777 0.376055 0.322333 0.268611 0.214889 0.161167 0.107444 0.0537222 -3.77302e-18 -0.0537222 -0.107444 -0.161167 -0.214889 -0.268611 -0.322333 -0.376055 -0.429777 -0.4835 -0.537222 -0.590938 -0.644684 -0.698491 -0.751753 -0.804579 -0.861753 -0.923821 -0.973355 -0.995439 -1 -1 
1 1 0.99575 0.978081 0.936682 0.874828 0.813474 0.75928 0.705952 0.651664 0.597287 0.542991 0.488695 0.434395 0.380096 0.325796 0.271497 0.217198 0.162898 0.108599 0.0542994 -4.25007e-18 -0.0542994 -0.108599 -0.162898 -0.217198 -0.271497 -0.325796 -0.380096 -0.434395 -0.488695 -0.542992 -0.597287 -0.651659 -0.705964 -0.759358 -0.813388 -0.873572 -0.935634 -0.97945 -0.996687 -1 -1 
1 1 0.996791 0.98262 0.946913 0.8878 0.823378 0.766985 0.713418 0.658805 0.603788 0.548883 0.494002 0.439113 0.384224 0.329334 0.274445 0.219556 0.164667 0.109778 0.0548891 -4.74881e-18 -0.0548891 -0.109778 -0.164667 -0.219556 -0.274445 -0.329334 -0.384224 -0.439113 -0.494002 -0.548884 -0.603786 -0.658798 -0.713457 -0.76708 -0.82305 -0.886046 -0.94649 -0.984216 -0.997573 -1 -1 
1 1 0.997569 0.98624 0.955818 0.90082 0.834415 0.775038 0.720857 0.666073 0.610458 0.554904 0.499423 0.443934 0.388441 0.33295 0.277458 0.221967 0.166475 0.110983 0.0554916 -5.26922e-18 -0.0554916 -0.110983 -0.166475 -0.221967 -0.277458 -0.33295 -0.388441 -0.443934 -0.499423 -0.554904 -0.610451 -0.666071 -0.720935 -0.775114 -0.83367 -0.898819 -0.956129 -0.987888 -0.99821 -1 -1 
1 1 0.998154 0.989117 0.963443 0.913379 0.846541 0.783692 0.728298 0.673413 0.617301 0.561066 0.504961 0.448861 0.392753 0.336645 0.280538 0.22443 0.168323 0.112215 0.0561075 5.13912e-18 -0.0561075 -0.112215 -0.168323 -0.22443 -0.280538 -0.336645 -0.392753 -0.448861 -0.504961 -0.561065 -0.61729 -0.673428 -0.72842 -0.783677 -0.845225 -0.911503 -0.964427 -0.990696 -0.998673 -1 -1 
1 1 0.998595 0.9914 0.969895 0.925108 0.85951 0.793191 0.735842 0.680769 0.624309 0.567384 0.51062 0.453897 0.39716 0.340423 0.283686 0.226948 0.170211 0.113474 0.0567371 1.30636e-16 -0.0567371 -0.113474 -0.170211 -0.226948 -0.283686 -0.340423 -0.39716 -0.453897 -0.510621 -0.567379 -0.624295 -0.680817 -0.735995 -0.79297 -0.857588 -0.923718 -0.971389 -0.992838 -0.999012 -1 -1 
1 1 0.998929 0.993208 0.975305 0.93579 0.872931 0.803719 0.743648 0.688108 0.63145 0.573871 0.516408 0.459044 0.401668 0.344286 0.286905 0.229524 0.172143 0.114762 0.0573809 4.63215e-16 -0.0573809 -0.114762 -0.172143 -0.229524 -0.286905 -0.344286 -0.401668 -0.459045 -0.516409 -0.573861 -0.63144 -0.688204 -0.7438 -0.803134 -0.870542 -0.935131 -0.97711 -0.994473 -0.999262 -1 -1 
1 1 0.999182 0.994638 0.979808 0.945334 0.886364 0.815349 0.751917 0.69544 0.638679 0.580536 0.522337 0.464306 0.406277 0.348237 0.290197 0.232158 0.174118 0.116079 0.0580394 -6.87222e-16 -0.0580394 -0.116079 -0.174118 -0.232158 -0.290197 -0.348237 -0.406277 -0.464307 -0.522336 -0.580519 -0.638686 -0.695589 -0.752014 -0.81423 -0.883801 -0.945493 -0.981741 -0.995726 -0.999447 -1 -1 
1 1 0.999374 0.995768 0.983535 0.953736 0.899402 0.828009 0.760867 0.702824 0.645948 0.587372 0.52842 0.469686 0.410992 0.35228 0.293566 0.234853 0.176139 0.117426 0.0587132 -1.22267e-14 -0.0587132 -0.117426 -0.176139 -0.234853 -0.293566 -0.35228 -0.410993 -0.469688 -0.528415 -0.587349 -0.645987 -0.70302 -0.760823 -0.826237 -0.89704 -0.954653 -0.985454 -0.99669 -0.999585 -1 -1 
1 1 0.99952 0.996661 0.986605 0.961046 0.911732 0.841473 0.770707 0.710369 0.653216 0.594359 0.534671 0.475193 0.415815 0.356417 0.297013 0.23761 0.178208 0.118805 0.0594026 -5.70968e-14 -0.0594026 -0.118805 -0.178208 -0.23761 -0.297013 -0.356417 -0.415816 -0.475194 -0.53466 -0.594337 -0.653305 -0.71059 -0.770392 -0.839051 -0.909922 -0.962566 -0.988414 -0.997434 -0.999688 -1 -1 
1 1 0.999632 0.997366 0.989125 0.967345 0.923146 0.855405 0.78159 0.718232 0.660471 0.601463 0.541101 0.480835 0.420749 0.360652 0.300542 0.240433 0.180325 0.120217 0.0601083 -1.66231e-13 -0.0601083 -0.120217 -0.180325 -0.240433 -0.300542 -0.360652 -0.42075 -0.480835 -0.541081 -0.601451 -0.66062 -0.718438 -0.780842 -0.852495 -0.922131 -0.969272 -0.990769 -0.998009 -0.999765 -1 -1 
1 1 0.999717 0.997922 0.991185 0.972731 0.933532 0.869419 0.793584 0.726596 0.667733 0.60864 0.547712 0.486626 0.425797 0.364987 0.304156 0.243324 0.182493 0.121662 0.0608309 -3.30012e-13 -0.0608309 -0.121662 -0.182493 -0.243324 -0.304156 -0.364987 -0.425799 -0.486622 -0.547683 -0.608655 -0.667944 -0.726728 -0.792235 -0.866324 -0.933413 -0.974869 -0.992644 -0.998455 -0.999823 -1 -1 
1 1 0.999782 0.998361 0.992866 0.977304 0.942853 0.883148 0.806629 0.735666 0.675068 0.615846 0.554494 0.492579 0.430965 0.369425 0.307857 0.246284 0.184713 0.123142 0.061571 -3.73487e-13 -0.061571 -0.123142 -0.184713 -0.246284 -0.307857 -0.369426 -0.430968 -0.49257 -0.554459 -0.615906 -0.675328 -0.735632 -0.804565 -0.880248 -0.943588 -0.979492 -0.994138 -0.998801 -0.999866 -1 -1 
1 1 0.999832 0.998707 0.994234 0.981165 0.95112 0.896291 0.820538 0.745635 0.682581 0.623051 0.561425 0.498708 0.436262 0.373969 0.311649 0.249317 0.186988 0.124658 0.0623292 2.4987e-13 -0.0623292 -0.124658 -0.186988 -0.249317 -0.311649 -0.373971 -0.436264 -0.49869 -0.561391 -0.623171 -0.682864 -0.745306 -0.817759 -0.893948 -0.95257 -0.983286 -0.99533 -0.99907 -0.999899 -1 -1 
1 1 0.999871 0.99898 0.995345 0.98441 0.958383 0.908628 0.835015 0.756661 0.690417 0.630244 0.56847 0.505022 0.441698 0.378622 0.315534 0.252425 0.189319 0.126212 0.0631062 2.6733e-12 -0.0631062 -0.126212 -0.189319 -0.252425 -0.315534 -0.378625 -0.441698 -0.504992 -0.568452 -0.630433 -0.690683 -0.755874 -0.831672 -0.907115 -0.960351 -0.986387 -0.996281 -0.999278 -0.999923 -1 -1 
1 1 0.9999 0.999196 0.996245 0.987126 0.96471 0.920021 0.849708 0.768829 0.69875 0.637448 0.575589 0.511521 0.447286 0.383389 0.319516 0.255612 0.191708 0.127805 0.0639027 8.64531e-12 -0.0639027 -0.127805 -0.191708 -0.255612 -0.319516 -0.383392 -0.447282 -0.511481 -0.575604 -0.637705 -0.698939 -0.767412 -0.846097 -0.919474 -0.966991 -0.988919 -0.997042 -0.99944 -0.999942 -1 -1 
1 1 0.999923 0.999366 0.996974 0.98939 0.970183 0.9304 0.864265 0.782119 0.707773 0.64472 0.582742 0.518198 0.45304 0.388274 0.323597 0.25888 0.194158 0.129439 0.0647194 2.00458e-11 -0.0647194 -0.129439 -0.194158 -0.25888 -0.323597 -0.388278 -0.453029 -0.51815 -0.582807 -0.645031 -0.7078 -0.779939 -0.860767 -0.930815 -0.972595 -0.990987 -0.997649 -0.999565 -0.999956 -1 -1 
1 1 0.99994 0.9995 0.997564 0.991272 0.974888 0.939746 0.878375 0.79639 0.717681 0.652156 0.589897 0.525032 0.458974 0.393287 0.327779 0.262232 0.196671 0.131114 0.0655571 3.74999e-11 -0.0655571 -0.131114 -0.196671 -0.262232 -0.327781 -0.393291 -0.458952 -0.524985 -0.590029 -0.652494 -0.717424 -0.793414 -0.875379 -0.941007 -0.977287 -0.992676 -0.998133 -0.999662 -0.999966 -1 -1 
1 1 0.999954 0.999605 0.99804 0.992832 0.978912 0.94808 0.891794 0.811391 0.728647 0.659887 0.597042 0.531991 0.465097 0.398438 0.332067 0.265671 0.199251 0.132833 0.0664167 5.77971e-11 -0.0664167 -0.132833 -0.19925 -0.265671 -0.33207 -0.398439 -0.465062 -0.531959 -0.59725 -0.660214 -0.727949 -0.807731 -0.889621 -0.949997 -0.981199 -0.994055 -0.998519 -0.999737 -0.999974 -1 -1 
1 1 0.999964 0.999689 0.998424 0.994122 0.982336 0.955448 0.90435 0.826798 0.740792 0.668074 0.604191 0.539038 0.471413 0.40374 0.336465 0.269199 0.201898 0.134598 0.0672989 7.01761e-11 -0.0672989 -0.134598 -0.201898 -0.2692 -0.336469 -0.403737 -0.471364 -0.539038 -0.604474 -0.668337 -0.739471 -0.822716 -0.903197 -0.957806 -0.984452 -0.995182 -0.998826 -0.999796 -0.99998 -1 -1 
1 1 0.999972 0.999754 0.998733 0.995186 0.98524 0.961914 0.915939 0.842261 0.754148 0.676904 0.611388 0.546133 0.477916 0.409206 0.340977 0.272821 0.204616 0.136409 0.0682047 5.21723e-11 -0.0682047 -0.136409 -0.204616 -0.272821 -0.340982 -0.409195 -0.477857 -0.546184 -0.611732 -0.677029 -0.752042 -0.838133 -0.915858 -0.964507 -0.987156 -0.996101 -0.99907 -0.999841 -0.999985 -1 -1 
1 1 0.999979 0.999806 0.998983 0.996062 0.987692 0.967552 0.926511 0.857452 0.768636 0.686575 0.618713 0.553242 0.484591 0.414851 0.345612 0.276537 0.207409 0.13827 0.0691351 -3.33934e-11 -0.0691351 -0.13827 -0.207408 -0.276539 -0.345617 -0.414829 -0.48453 -0.553362 -0.619094 -0.686456 -0.765658 -0.853697 -0.927425 -0.970207 -0.989402 -0.996849 -0.999263 -0.999877 -0.999989 -1 -1 
1 1 0.999983 0.999847 0.999183 0.996783 0.989757 0.97244 0.936057 0.872091 0.78406 0.697278 0.626281 0.560345 0.491414 0.420687 0.350379 0.280353 0.210278 0.140182 0.0700909 -2.37769e-10 -0.070091 -0.140182 -0.210277 -0.280355 -0.350383 -0.420651 -0.491361 -0.560546 -0.626663 -0.696771 -0.780255 -0.869092 -0.937796 -0.975029 -0.991269 -0.997457 -0.999416 -0.999904 -0.999991 -1 -1 
1 1 0.999987 0.999879 0.999345 0.997374 0.99149 0.976656 0.944601 0.885967 0.800134 0.709176 0.634236 0.567443 0.498348 0.426721 0.35529 0.28427 0.213226 0.142148 0.0710735 -6.18756e-10 -0.0710735 -0.142148 -0.213226 -0.284274 -0.35529 -0.42667 -0.498322 -0.567725 -0.634574 -0.708099 -0.795701 -0.884001 -0.946943 -0.979095 -0.992818 -0.99795 -0.999538 -0.999925 -0.999993 -1 -1 
1 1 0.99999 0.999905 0.999474 0.997859 0.992942 0.980277 0.952189 0.898934 0.816515 0.722364 0.642755 0.574563 0.505358 0.432953 0.360358 0.288295 0.216256 0.144169 0.0720837 -1.22306e-09 -0.0720837 -0.144169 -0.216256 -0.2883 -0.360351 -0.432888 -0.505377 -0.574916 -0.642988 -0.720527 -0.811798 -0.898135 -0.954905 -0.982519 -0.994104 -0.998349 -0.999634 -0.999942 -0.999995 -1 -1 
1 1 0.999992 0.999925 0.999579 0.998256 0.994154 0.983375 0.958883 0.910904 0.832852 0.73684 0.652033 0.581764 0.512404 0.439376 0.365598 0.292433 0.219371 0.146249 0.0731229 -2.05622e-09 -0.0731229 -0.146248 -0.219372 -0.292439 -0.365581 -0.439303 -0.512489 -0.582167 -0.652079 -0.734094 -0.828286 -0.91126 -0.961767 -0.985402 -0.995168 -0.998672 -0.99971 -0.999955 -0.999996 -1 -1 
1 1 0.999994 0.999941 0.999662 0.99858 0.995165 0.986016 0.964752 0.921837 0.848826 0.752487 0.662278 0.589138 0.519458 0.445973 0.371022 0.296692 0.222574 0.148389 0.0741924 -3.04028e-09 -0.0741924 -0.148388 -0.222576 -0.296698 -0.370993 -0.4459 -0.519622 -0.589559 -0.662016 -0.748783 -0.844855 -0.923215 -0.967639 -0.987827 -0.996046 -0.998932 -0.99977 -0.999965 -0.999997 -1 -1 
1 1 0.999995 0.999953 0.999729 0.998845 0.996006 0.98826 0.969871 0.931729 0.864175 0.769073 0.673688 0.596811 0.526506 0.452716 0.376645 0.301082 0.225868 0.150591 0.0752935 -3.96309e-09 -0.0752934 -0.150591 -0.225871 -0.301086 -0.3766 -0.452658 -0.526756 -0.59721 -0.672955 -0.764514 -0.861174 -0.933917 -0.972645 -0.989868 -0.99677 -0.999141 -0.999818 -0.999972 -0.999998 -1 -1 
1 1 0.999996 0.999963 0.999783 0.999061 0.996705 0.990161 0.974315 0.940609 0.878702 0.786283 0.686424 0.604939 0.533554 0.459571 0.382471 0.305615 0.229256 0.15286 0.0764276 -4.42851e-09 -0.0764275 -0.15286 -0.229261 -0.305615 -0.38241 -0.459546 -0.533886 -0.605269 -0.68502 -0.781138 -0.876914 -0.943357 -0.976903 -0.991583 -0.997365 -0.99931 -0.999856 -0.999978 -0.999998 -1 -1 
1 1 0.999997 0.999971 0.999826 0.999238 0.997285 0.991769 0.978157 0.948521 0.89227 0.803755 0.700574 0.613709 0.540637 0.466499 0.388503 0.310304 0.232744 0.155196 0.0775963 -3.82221e-09 -0.0775962 -0.155196 -0.23275 -0.310297 -0.388427 -0.466528 -0.541034 -0.613907 -0.698297 -0.798434 -0.891785 -0.951588 -0.980523 -0.993021 -0.997853 -0.999446 -0.999886 -0.999983 -0.999999 -1 -1 
1 1 0.999998 0.999977 0.999861 0.999381 0.997765 0.993124 0.981465 0.955527 0.9048 0.821128 0.71612 0.62333 0.54782 0.473466 0.394733 0.315164 0.236337 0.157603 0.0788012 -1.31336e-09 -0.078801 -0.157604 -0.236344 -0.315147 -0.394648 -0.473566 -0.548255 -0.62331 -0.712823 -0.816115 -0.905556 -0.958704 -0.983599 -0.994225 -0.998252 -0.999555 -0.99991 -0.999987 -0.999999 -1 -1 
1 1 0.999998 0.999982 0.999889 0.999498 0.998162 0.994264 0.984304 0.961695 0.916258 0.838081 0.732922 0.634025 0.5552 0.480443 0.401144 0.320209 0.240043 0.160083 0.080044 4.08477e-09 -0.0800437 -0.160084 -0.24005 -0.320179 -0.401061 -0.480628 -0.555638 -0.633658 -0.728578 -0.833849 -0.918074 -0.964822 -0.986213 -0.99523 -0.998578 -0.999643 -0.999929 -0.99999 -0.999999 -1 -1 
1 1 0.999999 0.999986 0.999911 0.999593 0.998489 0.995222 0.986734 0.967099 0.926643 0.854352 0.750727 0.646006 0.562909 0.487416 0.407712 0.325452 0.24387 0.162639 0.0813262 1.33723e-08 -0.0813259 -0.162641 -0.243876 -0.325406 -0.407645 -0.487689 -0.563307 -0.645115 -0.745474 -0.85128 -0.929268 -0.970067 -0.988433 -0.996067 -0.998843 -0.999713 -0.999944 -0.999992 -0.999999 -1 -1 
1 1 0.999999 0.999989 0.999929 0.99967 0.99876 0.996024 0.988807 0.971812 0.935984 0.869742 0.769188 0.65945 0.571112 0.494393 0.414404 0.330902 0.24783 0.165274 0.0826498 2.73217e-08 -0.0826495 -0.165278 -0.247832 -0.330839 -0.414371 -0.494746 -0.571423 -0.657818 -0.763347 -0.86806 -0.939143 -0.974558 -0.990316 -0.996761 -0.99906 -0.99977 -0.999955 -0.999994 -1 -1 -1 
1 1 0.999999 0.999991 0.999943 0.999733 0.998983 0.996696 0.990572 0.975906 0.944329 0.884121 0.787922 0.674456 0.580004 0.501406 0.421182 0.336562 0.251935 0.167992 0.0840164 4.61346e-08 -0.0840163 -0.167997 -0.251931 -0.336484 -0.421203 -0.50182 -0.58017 -0.671861 -0.781959 -0.883886 -0.947762 -0.978403 -0.99191 -0.997335 -0.999236 -0.999816 -0.999965 -0.999995 -1 -1 -1 
1 1 0.999999 0.999993 0.999954 0.999784 0.999166 0.997257 0.992071 0.97945 0.951738 0.897408 0.806545 0.691011 0.58981 0.50852 0.428012 0.342429 0.256199 0.170798 0.0854279 6.90105e-08 -0.085428 -0.170804 -0.256187 -0.342341 -0.428103 -0.508963 -0.589747 -0.687291 -0.800998 -0.898519 -0.95523 -0.981695 -0.993255 -0.99781 -0.99938 -0.999852 -0.999972 -0.999996 -1 -1 -1 
1 1 1 0.999994 0.999964 0.999825 0.999317 0.997725 0.993341 0.982507 0.958282 0.90957 0.824717 0.708972 0.60077 0.515832 0.434861 0.348492 0.260637 0.173698 0.0868861 9.36716e-08 -0.0868867 -0.173705 -0.260613 -0.348402 -0.435037 -0.516266 -0.600352 -0.704092 -0.820103 -0.911806 -0.961673 -0.984514 -0.994386 -0.998201 -0.999497 -0.999882 -0.999978 -0.999997 -1 -1 -1 
1 1 1 0.999996 0.999971 0.999858 0.999441 0.998116 0.994415 0.985137 0.964034 0.920609 0.842161 0.728067 0.613126 0.523474 0.441713 0.35473 0.265262 0.176698 0.088393 1.15914e-07 -0.0883942 -0.176705 -0.265224 -0.354651 -0.441977 -0.523856 -0.61217 -0.722177 -0.838886 -0.923679 -0.967218 -0.986926 -0.995336 -0.998524 -0.999592 -0.999905 -0.999983 -0.999998 -1 -1 -1 
1 1 1 0.999997 0.999977 0.999886 0.999543 0.99844 0.995321 0.987392 0.969067 0.930554 0.85867 0.747929 0.627085 0.531614 0.448569 0.361115 0.270087 0.179808 0.0899507 1.29291e-07 -0.0899526 -0.179813 -0.270033 -0.361064 -0.448912 -0.531897 -0.625359 -0.741379 -0.856971 -0.934151 -0.971989 -0.988987 -0.996129 -0.998789 -0.999669 -0.999924 -0.999986 -0.999998 -1 -1 -1 
1 1 1 0.999997 0.999981 0.999907 0.999626 0.99871 0.996085 0.989323 0.973456 0.939455 0.874103 0.768138 0.642781 0.540452 0.455454 0.367613 0.275119 0.183038 0.0915616 1.25055e-07 -0.0915644 -0.18304 -0.27505 -0.367607 -0.455857 -0.540586 -0.640034 -0.761444 -0.874026 -0.943296 -0.976097 -0.990743 -0.996792 -0.999007 -0.999732 -0.999939 -0.999989 -0.999999 -1 -1 -1 
1 1 1 0.999998 0.999985 0.999925 0.999695 0.998934 0.996728 0.990971 0.977268 0.947375 0.888378 0.788274 0.660232 0.550226 0.462424 0.374186 0.280363 0.1864 0.0932285 9.2515e-08 -0.0932323 -0.186395 -0.280281 -0.374245 -0.462854 -0.550139 -0.656262 -0.782038 -0.889792 -0.95123 -0.979634 -0.992235 -0.997343 -0.999187 -0.999783 -0.999952 -0.999991 -0.999999 -1 -1 -1 
1 1 1 0.999998 0.999988 0.99994 0.999751 0.99912 0.997269 0.992376 0.98057 0.954386 0.901458 0.807961 0.679314 0.5612 0.469568 0.380803 0.285813 0.189906 0.0949547 1.99334e-08 -0.0949594 -0.189894 -0.285724 -0.380939 -0.469983 -0.560779 -0.674046 -0.802768 -0.904102 -0.958086 -0.982682 -0.993499 -0.997801 -0.999334 -0.999825 -0.999961 -0.999993 -0.999999 -1 -1 -1 
1 1 1 0.999999 0.999991 0.999951 0.999796 0.999274 0.997722 0.99357 0.983422 0.960562 0.913345 0.826892 0.699756 0.573649 0.477011 0.387437 0.291458 0.19357 0.0967444 -1.03907e-07 -0.0967496 -0.193548 -0.291371 -0.387657 -0.477365 -0.572722 -0.693314 -0.823205 -0.916885 -0.964005 -0.985305 -0.994565 -0.998181 -0.999455 -0.999858 -0.999969 -0.999995 -0.999999 -1 -1 -1 
1 1 1 0.999999 0.999992 0.999961 0.999834 0.999402 0.998102 0.994584 0.985878 0.965982 0.924067 0.844834 0.721171 0.58783 0.484914 0.394078 0.297278 0.197407 0.0986026 -2.87442e-07 -0.0986078 -0.197372 -0.297207 -0.394379 -0.485161 -0.586157 -0.713903 -0.842929 -0.928156 -0.969114 -0.987559 -0.995462 -0.998497 -0.999555 -0.999886 -0.999975 -0.999996 -0.999999 -1 -1 -1 
1 1 1 0.999999 0.999994 0.999968 0.999865 0.999507 0.99842 0.995444 0.987989 0.970719 0.933678 0.86163 0.743098 0.603938 0.493479 0.400738 0.303245 0.201427 0.100535 -5.33424e-07 -0.10054 -0.201379 -0.303206 -0.401101 -0.493574 -0.601239 -0.735557 -0.861565 -0.937997 -0.97353 -0.989491 -0.996215 -0.998758 -0.999636 -0.999908 -0.99998 -0.999997 -1 -1 -1 -1 
1 1 1 0.999999 0.999995 0.999974 0.99989 0.999594 0.998686 0.996171 0.989799 0.974846 0.942242 0.877183 0.765064 0.622056 0.502948 0.407456 0.309328 0.205641 0.10255 -8.35569e-07 -0.102553 -0.20558 -0.309337 -0.407851 -0.502835 -0.618068 -0.757924 -0.878814 -0.946536 -0.977351 -0.991142 -0.996846 -0.998975 -0.999703 -0.999925 -0.999984 -0.999997 -1 -1 -1 -1 
1 1 1 0.999999 0.999996 0.999979 0.99991 0.999666 0.998908 0.996786 0.991348 0.978431 0.949835 0.891451 0.786635 0.642114 0.513602 0.414302 0.31549 0.210053 0.104655 -1.17512e-06 -0.104654 -0.209982 -0.315563 -0.414686 -0.513197 -0.636685 -0.780575 -0.894483 -0.953921 -0.980658 -0.992547 -0.997373 -0.999155 -0.999758 -0.99994 -0.999987 -0.999998 -1 -1 -1 -1 
1 1 1 1 0.999997 0.999983 0.999927 0.999726 0.999093 0.997305 0.992671 0.981536 0.956536 0.904432 0.80745 0.663874 0.525753 0.421383 0.321702 0.214663 0.106861 -1.51777e-06 -0.106855 -0.214586 -0.321848 -0.421706 -0.524912 -0.657046 -0.803036 -0.90848 -0.960303 -0.983519 -0.993739 -0.997813 -0.999303 -0.999803 -0.999951 -0.99999 -0.999998 -1 -1 -1 -1 
1 1 1 1 0.999998 0.999987 0.99994 0.999775 0.999248 0.997742 0.993799 0.984219 0.962426 0.916155 0.827232 0.686947 0.539719 0.428846 0.327939 0.219464 0.109177 -1.81182e-06 -0.109165 -0.21939 -0.328162 -0.429056 -0.538221 -0.679017 -0.824824 -0.920817 -0.965824 -0.98599 -0.994746 -0.998181 -0.999426 -0.999839 -0.999961 -0.999992 -0.999999 -1 -1 -1 -1 
1 1 1 1 0.999998 0.999989 0.999952 0.999815 0.999376 0.99811 0.99476 0.986532 0.967585 0.926673 0.84579 0.710832 0.555781 0.436877 0.334194 0.224441 0.111615 -1.98812e-06 -0.111596 -0.22438 -0.334483 -0.436927 -0.553331 -0.702351 -0.8455 -0.931581 -0.970608 -0.988118 -0.995596 -0.998488 -0.999528 -0.999869 -0.999968 -0.999994 -0.999999 -1 -1 -1 -1 
1 1 1 1 0.999998 0.999991 0.999961 0.999848 0.999483 0.99842 0.995577 0.988522 0.972088 0.936057 0.863005 0.734989 0.574127 0.445712 0.34048 0.229572 0.114186 -1.96314e-06 -0.114158 -0.229537 -0.340814 -0.445557 -0.570403 -0.726694 -0.864703 -0.940913 -0.974761 -0.989945 -0.996311 -0.998744 -0.999612 -0.999894 -0.999975 -0.999995 -0.999999 -1 -1 -1 -1 
1 1 1 1 0.999999 0.999993 0.999968 0.999875 0.999572 0.998679 0.99627 0.99023 0.976008 0.944385 0.878821 0.758897 0.594797 0.455633 0.346839 0.234829 0.1169 -1.64542e-06 -0.116863 -0.234835 -0.34718 -0.455218 -0.589534 -0.751589 -0.882185 -0.948977 -0.978369 -0.991507 -0.996911 -0.998957 -0.999681 -0.999913 -0.999979 -0.999996 -0.999999 -1 -1 -1 -1 
1 1 1 1 0.999999 0.999994 0.999974 0.999898 0.999646 0.998898 0.996858 0.991695 0.97941 0.951744 0.893227 0.782107 0.61764 0.466974 0.353348 0.240183 0.119765 -9.45995e-07 -0.119721 -0.240241 -0.353645 -0.466205 -0.61074 -0.776507 -0.897819 -0.955944 -0.981503 -0.992837 -0.997415 -0.999135 -0.999739 -0.99993 -0.999983 -0.999997 -0.999999 -1 -1 -1 -1 
1 1 1 1 0.999999 0.999995 0.999979 0.999916 0.999707 0.99908 0.997355 0.992948 0.982356 0.95822 0.906251 0.804269 0.642313 0.480107 0.360121 0.245601 0.122785 2.07812e-07 -0.122736 -0.245721 -0.360315 -0.478817 -0.633935 -0.800893 -0.911597 -0.961972 -0.984222 -0.993965 -0.997838 -0.999284 -0.999786 -0.999943 -0.999987 -0.999997 -1 -1 -1 -1 -1 
1 1 1 1 0.999999 0.999996 0.999983 0.999931 0.999758 0.999233 0.997776 0.994019 0.984903 0.963898 0.917948 0.825133 0.668303 0.495412 0.367315 0.25106 0.125961 1.8561e-06 -0.125911 -0.251243 -0.367346 -0.493337 -0.658915 -0.824212 -0.923605 -0.967202 -0.986575 -0.99492 -0.998193 -0.999407 -0.999824 -0.999953 -0.999989 -0.999998 -1 -1 -1 -1 -1 
1 1 1 1 0.999999 0.999997 0.999986 0.999944 0.9998 0.999361 0.998132 0.994932 0.987098 0.968862 0.928391 0.844538 0.694998 0.513219 0.375133 0.256547 0.129287 3.98784e-06 -0.129243 -0.256785 -0.37495 -0.510013 -0.685349 -0.84601 -0.933994 -0.97175 -0.988602 -0.995727 -0.998491 -0.99951 -0.999856 -0.999962 -0.999991 -0.999998 -1 -1 -1 -1 -1 
1 1 1 1 1 0.999998 0.999989 0.999954 0.999835 0.999469 0.998432 0.99571 0.988988 0.973187 0.937667 0.862403 0.721766 0.533743 0.383834 0.262068 0.132753 6.51868e-06 -0.132724 -0.262339 -0.38339 -0.529037 -0.712772 -0.865948 -0.942952 -0.975713 -0.990342 -0.996406 -0.99874 -0.999595 -0.999882 -0.999969 -0.999993 -0.999999 -1 -1 -1 -1 -1 
1 1 1 1 1 0.999998 0.999991 0.999962 0.999864 0.999558 0.998685 0.996373 0.990612 0.976948 0.945868 0.878701 0.748025 0.557011 0.393739 0.267655 0.136341 9.263e-06 -0.136336 -0.267921 -0.392982 -0.55052 -0.740612 -0.883831 -0.950674 -0.979168 -0.991829 -0.996979 -0.99895 -0.999666 -0.999903 -0.999975 -0.999994 -0.999999 -1 -1 -1 -1 -1 
1 1 1 1 1 0.999998 0.999993 0.999969 0.999888 0.999633 0.998898 0.996936 0.992006 0.98021 0.95309 0.893454 0.773297 0.582819 0.405238 0.273374 0.140029 1.19007e-05 -0.140058 -0.27358 -0.404075 -0.574471 -0.768229 -0.899605 -0.957345 -0.982177 -0.993095 -0.997462 -0.999125 -0.999724 -0.999921 -0.99998 -0.999996 -0.999999 -1 -1 -1 -1 -1 
1 1 1 1 1 0.999999 0.999994 0.999975 0.999908 0.999695 0.999077 0.997413 0.9932 0.983032 0.959427 0.906716 0.797229 0.61073 0.418779 0.279326 0.143794 1.39466e-05 -0.143864 -0.279407 -0.417036 -0.600773 -0.794972 -0.913337 -0.963128 -0.984791 -0.994169 -0.997869 -0.999272 -0.999773 -0.999935 -0.999984 -0.999996 -0.999999 -1 -1 -1 -1 -1 
1 1 1 1 1 0.999999 0.999995 0.999979 0.999924 0.999747 0.999228 0.997819 0.994221 0.985471 0.964969 0.918564 0.819585 0.640112 0.434836 0.285657 0.147608 1.47394e-05 -0.147726 -0.285541 -0.432226 -0.62916 -0.820246 -0.925188 -0.968158 -0.987054 -0.995079 -0.998211 -0.999395 -0.999813 -0.999947 -0.999987 -0.999997 -0.999999 -1 -1 -1 -1 -1 
1 1 1 1 1 0.999999 0.999996 0.999983 0.999937 0.99979 0.999354 0.998162 0.995093 0.987573 0.969803 0.929093 0.84023 0.670218 0.453844 0.292564 0.151453 1.34711e-05 -0.151615 -0.292183 -0.449977 -0.659208 -0.84357 -0.935367 -0.972549 -0.989003 -0.995847 -0.9985 -0.999498 -0.999846 -0.999957 -0.999989 -0.999998 -1 -1 -1 -1 -1 -1 
1 1 1 1 1 0.999999 0.999997 0.999986 0.999949 0.999826 0.99946 0.998452 0.995838 0.989383 0.974008 0.938404 0.859109 0.700289 0.476113 0.300304 0.155317 9.27728e-06 -0.155512 -0.299599 -0.470558 -0.690338 -0.864621 -0.944104 -0.976386 -0.990674 -0.996497 -0.998744 -0.999583 -0.999873 -0.999965 -0.999991 -0.999998 -1 -1 -1 -1 -1 -1 
1 1 1 1 1 0.999999 0.999997 0.999989 0.999958 0.999856 0.999549 0.998698 0.996473 0.990939 0.977659 0.946605 0.876228 0.729642 0.501734 0.309212 0.159208 1.38696e-06 -0.159411 -0.308127 -0.494143 -0.721845 -0.883253 -0.95162 -0.979741 -0.992101 -0.997045 -0.998949 -0.999655 -0.999895 -0.999971 -0.999993 -0.999998 -1 -1 -1 -1 -1 -1 
1 1 1 1 1 1 0.999998 0.999991 0.999965 0.99988 0.999624 0.998905 0.997013 0.992274 0.98082 0.953803 0.891635 0.757732 0.530523 0.319714 0.163157 -1.07042e-05 -0.163324 -0.318165 -0.520783 -0.75295 -0.899479 -0.958113 -0.982667 -0.993315 -0.997509 -0.999122 -0.999714 -0.999914 -0.999977 -0.999994 -0.999999 -1 -1 -1 -1 -1 -1 
1 1 1 1 1 1 0.999998 0.999993 0.999971 0.999901 0.999686 0.99908 0.997473 0.993419 0.983554 0.960098 0.905411 0.784173 0.561997 0.332335 0.167223 -2.70895e-05 -0.167295 -0.330166 -0.550362 -0.782877 -0.913446 -0.96375 -0.985211 -0.994344 -0.997901 -0.999267 -0.999763 -0.999929 -0.999981 -0.999995 -0.999999 -1 -1 -1 -1 -1 -1 
1 1 1 1 1 1 0.999999 0.999994 0.999977 0.999918 0.999739 0.999228 0.997864 0.9944 0.985914 0.965589 0.917658 0.808723 0.595417 0.347677 0.1715 -4.7321e-05 -0.171403 -0.34461 -0.58258 -0.81093 -0.925384 -0.968667 -0.987413 -0.995215 -0.998233 -0.999388 -0.999804 -0.999942 -0.999984 -0.999996 -0.999999 -1 -1 -1 -1 -1 -1 
1 1 1 1 1 1 0.999999 0.999995 0.999981 0.999932 0.999782 0.999352 0.998196 0.995238 0.987947 0.970367 0.928491 0.83126 0.629873 0.366361 0.176125 -7.01348e-05 -0.175775 -0.361981 -0.616933 -0.836571 -0.935563 -0.97297 -0.989308 -0.995952 -0.998513 -0.99949 -0.999838 -0.999952 -0.999987 -0.999997 -0.999999 -1 -1 -1 -1 -1 -1 
1 1 1 1 1 1 0.999999 0.999996 0.999984 0.999944 0.999819 0.999457 0.998477 0.995954 0.989697 0.974514 0.938031 0.851753 0.66441 0.388917 0.181287 -9.28638e-05 -0.180601 -0.382719 -0.65272 -0.859462 -0.944256 -0.976743 -0.990931 -0.996575 -0.998751 -0.999576 -0.999866 -0.999961 -0.99999 -0.999998 -0.999999 -1 -1 -1 -1 -1 -1 
1 1 1 1 1 1 0.999999 0.999997 0.999987 0.999954 0.999849 0.999545 0.998715 0.996565 0.991201 0.978108 0.9464 0.870233 0.698154 0.415665 0.187251 -0.000110704 -0.186147 -0.40718 -0.689079 -0.879483 -0.951714 -0.980048 -0.992314 -0.997103 -0.998952 -0.999647 -0.999889 -0.999968 -0.999992 -0.999998 -1 -1 -1 -1 -1 -1 -1 
1 1 1 1 1 1 0.999999 0.999997 0.999989 0.999962 0.999875 0.999619 0.998917 0.997087 0.992492 0.981215 0.953717 0.88678 0.730407 0.446613 0.194389 -0.000116484 -0.192773 -0.435578 -0.725051 -0.896711 -0.958152 -0.982937 -0.993488 -0.99755 -0.999121 -0.999706 -0.999908 -0.999974 -0.999993 -0.999998 -1 -1 -1 -1 -1 -1 -1 
1 1 1 1 1 1 1 0.999998 0.999991 0.999968 0.999896 0.999681 0.999088 0.997531 0.993599 0.983898 0.960097 0.901502 0.760678 0.481398 0.203209 -0.000101508 -0.200944 -0.467925 -0.759671 -0.911368 -0.963745 -0.98545 -0.994482 -0.99793 -0.999264 -0.999756 -0.999924 -0.999978 -0.999994 -0.999999 -1 -1 -1 -1 -1 -1 -1 
1 1 1 1 1 1 1 0.999998 0.999993 0.999974 0.999913 0.999733 0.999232 0.997908 0.994547 0.986211 0.965644 0.914527 0.788674 0.519289 0.214389 -5.7035e-05 -0.211233 -0.503984 -0.792067 -0.923765 -0.968634 -0.987624 -0.995323 -0.998252 -0.999385 -0.999797 -0.999937 -0.999982 -0.999995 -0.999999 -1 -1 -1 -1 -1 -1 -1 
1 1 1 1 1 1 1 0.999999 0.999994 0.999979 0.999928 0.999777 0.999354 0.99823 0.995359 0.988202 0.970457 0.925996 0.814261 0.559239 0.228757 2.50121e-05 -0.224303 -0.543233 -0.821555 -0.934242 -0.972923 -0.989493 -0.996035 -0.998526 -0.999486 -0.999831 -0.999948 -0.999985 -0.999996 -0.999999 -1 -1 -1 -1 -1 -1 -1 
1 1 1 1 1 1 1 0.999999 0.999995 0.999982 0.99994 0.999814 0.999457 0.998503 0.996052 0.989914 0.974625 0.936051 0.83742 0.600021 0.247208 0.000153413 -0.240878 -0.584871 -0.847705 -0.943128 -0.976694 -0.99109 -0.996637 -0.998758 -0.999571 -0.99986 -0.999957 -0.999988 -0.999997 -0.999999 -1 -1 -1 -1 -1 -1 -1 
1 1 1 1 1 1 1 0.999999 0.999996 0.999985 0.999951 0.999845 0.999544 0.998734 0.996645 0.991385 0.978227 0.944835 0.85821 0.640401 0.270561 0.000341437 -0.261687 -0.627855 -0.870367 -0.950713 -0.980007 -0.992449 -0.997148 -0.998955 -0.999642 -0.999884 -0.999965 -0.99999 -0.999998 -0.999999 -1 -1 -1 -1 -1 -1 -1 
1 1 1 1 1 1 1 0.999999 0.999997 0.999988 0.999959 0.99987 0.999617 0.998931 0.99715 0.992647 0.981335 0.952486 0.876741 0.679316 0.299391 0.000613143 -0.287394 -0.670981 -0.889646 -0.957241 -0.982909 -0.9936 -0.997582 -0.999122 -0.999701 -0.999904 -0.999971 -0.999992 -0.999998 -1 -1 -1 -1 -1 -1 -1 -1 
1 1 1 1 1 1 1 0.999999 0.999997 0.99999 0.999966 0.999892 0.999679 0.999098 0.997581 0.993728 0.984014 0.959131 0.893156 0.715982 0.333898 0.00101423 -0.318512 -0.713004 -0.905838 -0.962906 -0.985438 -0.994573 -0.997951 -0.999264 -0.999751 -0.99992 -0.999976 -0.999993 -0.999998 -1 -1 -1 -1 -1 -1 -1 -1 
1 1 1 1 1 1 1 0.999999 0.999998 0.999992 0.999972 0.99991 0.99973 0.999239 0.997948 0.994655 0.98632 0.964889 0.907614 0.749909 0.373843 0.00163224 -0.355315 -0.752752 -0.919354 -0.967859 -0.987627 -0.995395 -0.998266 -0.999383 -0.999792 -0.999934 -0.99998 -0.999995 -0.999999 -1 -1 -1 -1 -1 -1 -1 -1 
1 1 1 1 1 1 1 1 0.999998 0.999993 0.999977 0.999925 0.999774 0.999358 0.998261 0.995447 0.988302 0.969868 0.920288 0.780866 0.418507 0.00262745 -0.397738 -0.789243 -0.930634 -0.972213 -0.989508 -0.996089 -0.998534 -0.999483 -0.999827 -0.999945 -0.999984 -0.999996 -0.999999 -1 -1 -1 -1 -1 -1 -1 -1 
1 1 1 1 1 1 1 1 0.999999 0.999995 0.999981 0.999938 0.999811 0.999459 0.998526 0.996125 0.990004 0.974167 0.931352 0.808807 0.46669 0.00425564 -0.445286 -0.821762 -0.940093 -0.976053 -0.991115 -0.996677 -0.998762 -0.999567 -0.999856 -0.999955 -0.999987 -0.999996 -0.999999 -1 -1 -1 -1 -1 -1 -1 -1 
1 1 1 1 1 1 1 1 0.999999 0.999995 0.999984 0.999948 0.999842 0.999545 0.998752 0.996704 0.991464 0.977872 0.940974 0.833808 0.516777 0.00683229 -0.49697 -0.849921 -0.94809 -0.97944 -0.992478 -0.997175 -0.998957 -0.999638 -0.99988 -0.999962 -0.999989 -0.999997 -0.999999 -1 -1 -1 -1 -1 -1 -1 -1 
1 1 1 1 1 1 1 1 0.999999 0.999996 0.999987 0.999957 0.999867 0.999617 0.998944 0.997198 0.992716 0.98106 0.949319 0.856019 0.56695 0.010594 -0.551305 -0.873673 -0.954922 -0.982419 -0.993629 -0.997599 -0.999122 -0.999697 -0.9999 -0.999969 -0.999991 -0.999998 -0.999999 -1 -1 -1 -1 -1 -1 -1 -1 
1 1 1 1 1 1 1 1 0.999999 0.999997 0.999989 0.999964 0.999889 0.999678 0.999107 0.997619 0.993788 0.983801 0.956536 0.875629 0.615501 0.0155057 -0.60641 -0.893295 -0.960822 -0.985026 -0.9946 -0.99796 -0.999262 -0.999747 -0.999917 -0.999974 -0.999993 -0.999998 -1 -1 -1 -1 -1 -1 -1 -1 -1 
1 1 1 1 1 1 1 1 0.999999 0.999997 0.999991 0.99997 0.999907 0.999729 0.999246 0.997978 0.994705 0.986155 0.962764 0.892846 0.661109 0.0211621 -0.660242 -0.909303 -0.965968 -0.987291 -0.995417 -0.998269 -0.99938 -0.999788 -0.999931 -0.999979 -0.999994 -0.999998 -1 -1 -1 -1 -1 -1 -1 -1 -1 
1 1 1 1 1 1 1 1 0.999999 0.999998 0.999993 0.999975 0.999923 0.999772 0.999363 0.998285 0.99549 0.988174 0.96813 0.907886 0.702964 0.0268847 -0.710911 -0.92233 -0.970494 -0.989241 -0.996105 -0.998532 -0.99948 -0.999823 -0.999942 -0.999982 -0.999995 -0.999999 -1 -1 -1 -1 -1 -1 -1 -1 -1 
1 1 1 1 1 1 1 1 1 0.999998 0.999994 0.999979 0.999935 0.999809 0.999462 0.998545 0.99616 0.989905 0.972746 0.920962 0.740714 0.0319507 -0.756969 -0.932997 -0.974496 -0.990906 -0.996686 -0.998758 -0.999564 -0.999852 -0.999952 -0.999986 -0.999996 -0.999999 -1 -1 -1 -1 -1 -1 -1 -1 -1 
1 1 1 1 1 1 1 1 1 0.999999 0.999995 0.999983 0.999946 0.999839 0.999546 0.998767 0.996733 0.991387 0.976709 0.932287 0.774346 0.0358062 -0.797561 -0.941838 -0.978043 -0.992317 -0.997177 -0.998951 -0.999635 -0.999876 -0.99996 -0.999988 -0.999997 -0.999999 -1 -1 -1 -1 -1 -1 -1 -1 -1 
1 1 1 1 1 1 1 1 1 0.999999 0.999996 0.999986 0.999955 0.999865 0.999617 0.998955 0.997221 0.992656 0.98011 0.94206 0.804053 0.0381697 -0.832425 -0.949273 -0.981185 -0.993505 -0.997595 -0.999116 -0.999694 -0.999897 -0.999967 -0.99999 -0.999997 -0.999999 -1 -1 -1 -1 -1 -1 -1 -1 -1 
1 1 1 1 1 1 1 1 1 0.999999 0.999997 0.999988 0.999962 0.999887 0.999677 0.999115 0.997638 0.99374 0.983024 0.950471 0.830138 0.0390231 -0.861758 -0.955617 -0.983958 -0.994502 -0.997952 -0.999256 -0.999744 -0.999914 -0.999973 -0.999992 -0.999998 -0.999999 -1 -1 -1 -1 -1 -1 -1 -1 -1 
1 1 1 1 1 1 1 1 1 0.999999 0.999997 0.99999 0.999969 0.999905 0.999728 0.999251 0.997993 0.994668 0.985518 0.957694 0.85295 0.0385393 -0.886063 -0.961098 -0.986393 -0.995336 -0.998257 -0.999374 -0.999785 -0.999928 -0.999977 -0.999993 -0.999998 -1 -1 -1 -1 -1 -1 -1 -1 -1 -1 
1 1 1 1 1 1 1 1 1 0.999999 0.999998 0.999992 0.999974 0.999921 0.999771 0.999367 0.998296 0.99546 0.987652 0.963884 0.872841 0.0369948 -0.905988 -0.965883 -0.988516 -0.996035 -0.998518 -0.999475 -0.99982 -0.99994 -0.999981 -0.999995 -0.999998 -1 -1 -1 -1 -1 -1 -1 -1 -1 -1 
1 1 1 1 1 1 1 1 1 0.999999 0.999998 0.999993 0.999978 0.999934 0.999807 0.999465 0.998554 0.996136 0.989476 0.969182 0.890148 0.034696 -0.922222 -0.970092 -0.990351 -0.996622 -0.998743 -0.999559 -0.999849 -0.99995 -0.999984 -0.999995 -0.999999 -1 -1 -1 -1 -1 -1 -1 -1 -1 -1 
1 1 1 1 1 1 1 1 1 1 0.999998 0.999994 0.999982 0.999944 0.999838 0.999548 0.998773 0.996712 0.991034 0.973712 0.905181 0.0319297 -0.935415 -0.973814 -0.991923 -0.997115 -0.998936 -0.99963 -0.999873 -0.999958 -0.999987 -0.999996 -0.999999 -1 -1 -1 -1 -1 -1 -1 -1 -1 -1 
1 1 1 1 1 1 1 1 1 1 0.999999 0.999995 0.999985 0.999954 0.999864 0.999618 0.99896 0.997204 0.992364 0.977582 0.918223 0.0289369 -0.946143 -0.977117 -0.993257 -0.997531 -0.999102 -0.99969 -0.999894 -0.999965 -0.999989 -0.999997 -0.999999 -1 -1 -1 -1 -1 -1 -1 -1 -1 -1 
1 1 1 1 1 1 1 1 1 1 0.999999 0.999996 0.999987 0.999961 0.999886 0.999677 0.999118 0.997624 0.993499 0.980887 0.929523 0.025903 -0.954894 -0.980049 -0.994378 -0.997884 -0.999244 -0.999739 -0.999911 -0.999971 -0.999991 -0.999997 -0.999999 -1 -1 -1 -1 -1 -1 -1 -1 -1 -1 
1 1 1 1 1 1 1 1 1 1 0.999999 0.999997 0.99999 0.999968 0.999904 0.999728 0.999253 0.997981 0.994467 0.983707 0.939303 0.0229599 -0.962068 -0.98265 -0.995313 -0.998185 -0.999365 -0.999781 -0.999926 -0.999976 -0.999993 -0.999998 -0.999999 -1 -1 -1 -1 -1 -1 -1 -1 -1 -1 
1 1 1 1 1 1 1 1 1 1 0.999999 0.999997 0.999991 0.999973 0.999919 0.99977 0.999368 0.998285 0.995292 0.986113 0.947761 0.0201931 -0.967983 -0.984952 -0.99609 -0.998443 -0.999469 -0.999816 -0.999938 -0.99998 -0.999994 -0.999998 -1 -1 -1 -1 -1 -1 -1 -1 -1 -1 -1 
1 1 1 1 1 1 1 1 1 1 0.999999 0.999998 0.999993 0.999977 0.999932 0.999806 0.999465 0.998544 0.995995 0.988165 0.955068 0.0176514 -0.972892 -0.986981 -0.996733 -0.998664 -0.999556 -0.999845 -0.999948 -0.999984 -0.999995 -0.999999 -1 -1 -1 -1 -1 -1 -1 -1 -1 -1 -1 
1 1 1 1 1 1 1 1 1 1 1 0.999998 0.999994 0.999981 0.999943 0.999837 0.999547 0.998765 0.996594 0.989916 0.961376 0.0153561 -0.976989 -0.988763 -0.997264 -0.998854 -0.99963 -0.999869 -0.999957 -0.999986 -0.999996 -0.999999 -1 -1 -1 -1 -1 -1 -1 -1 -1 -1 -1 
1 1 1 1 1 1 1 1 1 1 1 0.999999 0.999995 0.999984 0.999952 0.999863 0.999617 0.998952 0.997105 0.991409 0.966817 0.0133099 -0.980429 -0.990321 -0.997704 -0.999018 -0.999692 -0.99989 -0.999964 -0.999989 -0.999997 -0.999999 -1 -1 -1 -1 -1 -1 -1 -1 -1 -1 -1 
1 1 1 1 1 1 1 1 1 1 1 0.999999 0.999996 0.999987 0.99996 0.999884 0.999676 0.999111 0.997539 0.992681 0.971507 0.0115033 -0.983331 -0.991678 -0.998069 -0.99916 -0.999743 -0.999907 -0.99997 -0.999991 -0.999997 -0.999999 -1 -1 -1 -1 -1 -1 -1 -1 -1 -1 -1 
1 1 1 1 1 1 1 1 1 1 1 0.999999 0.999997 0.999989 0.999967 0.999903 0.999727 0.999247 0.997909 0.993766 0.975547 0.00991984 -0.985787 -0.992855 -0.998372 -0.999282 -0.999786 -0.999922 -0.999975 -0.999992 -0.999998 -0.999999 -1 -1 -1 -1 -1 -1 -1 -1 -1 -1 -1 
1 1 1 1 1 1 1 1 1 1 1 0.999999 0.999997 0.999991 0.999972 0.999918 0.999769 0.999362 0.998224 0.994691 0.979024 0.00853949 -0.987873 -0.993873 -0.998626 -0.999388 -0.999822 -0.999934 -0.999979 -0.999994 -0.999998 -0.999999 -1 -1 -1 -1 -1 -1 -1 -1 -1 -1 -1 
1 1 1 1 1 1 1 1 1 1 1 0.999999 0.999998 0.999992 0.999977 0.999931 0.999805 0.999459 0.998492 0.99548 0.982015 0.00734111 -0.989648 -0.994752 -0.998839 -0.999479 -0.999852 -0.999944 -0.999983 -0.999995 -0.999998 -1 -1 -1 -1 -1 -1 -1 -1 -1 -1 -1 -1 
1 1 1 1 1 1 1 1 1 1 1 0.999999 0.999998 0.999994 0.99998 0.999942 0.999836 0.999542 0.998719 0.996152 0.984586 0.00630393 -0.991161 -0.995508 -0.999018 -0.999557 -0.999877 -0.999953 -0.999986 -0.999996 -0.999999 -1 -1 -1 -1 -1 -1 -1 -1 -1 -1 -1 -1 
1 1 1 1 1 1 1 1 1 1 1 1 0.999998 0.999995 0.999984 0.999951 0.999861 0.999613 0.998913 0.996724 0.986796 0.0054084 -0.992452 -0.996159 -0.999168 -0.999624 -0.999897 -0.99996 -0.999988 -0.999996 -0.999999 -1 -1 -1 -1 -1 -1 -1 -1 -1 -1 -1 -1 
1 1 1 1 1 1 1 1 1 1 1 1 0.999999 0.999996 0.999986 0.999959 0.999883 0.999672 0.999078 0.997212 0.988693 0.00463659 -0.993554 -0.996717 -0.999296 -0.999681 -0.999914 -0.999966 -0.99999 -0.999997 -0.999999 -1 -1 -1 -1 -1 -1 -1 -1 -1 -1 -1 -1 
1 1 1 1 1 1 1 1 1 1 1 1 0.999999 0.999996 0.999989 0.999966 0.999901 0.999723 0.999218 0.997628 0.990322 0.00397236 -0.994496 -0.997196 -0.999404 -0.99973 -0.999928 -0.999972 -0.999992 -0.999997 -0.999999 -1 -1 -1 -1 -1 -1 -1 -1 -1 -1 -1 -1 
1 1 1 1 1 1 1 1 1 1 1 1 0.999999 0.999997 0.99999 0.999971 0.999917 0.999766 0.999337 0.997982 0.991719 0.00340141 -0.995301 -0.997606 -0.999495 -0.999771 -0.99994 -0.999976 -0.999993 -0.999998 -0.999999 -1 -1 -1 -1 -1 -1 -1 -1 -1 -1 -1 -1 
1 1 1 1 1 1 1 1 1 1 1 1 0.999999 0.999997 0.999992 0.999976 0.99993 0.999802 0.999438 0.998284 0.992917 0.00291111 -0.995989 -0.997957 -0.999572 -0.999806 -0.99995 -0.99998 -0.999995 -0.999998 -1 -1 -1 -1 -1 -1 -1 -1 -1 -1 -1 -1 -1 
1 1 1 1 1 1 1 1 1 1 1 1 0.999999 0.999998 0.999993 0.99998 0.999941 0.999833 0.999523 0.998541 0.993944 0.00249042 -0.996576 -0.998257 -0.999638 -0.999836 -0.999958 -0.999983 -0.999996 -0.999999 -1 -1 -1 -1 -1 -1 -1 -1 -1 -1 -1 -1 -1 
1 1 1 1 1 1 1 1 1 1 1 1 0.999999 0.999998 0.999994 0.999983 0.999951 0.999859 0.999596 0.998759 0.994824 0.00212972 -0.997079 -0.998514 -0.999694 -0.999862 -0.999965 -0.999986 -0.999996 -0.999999 -1 -1 -1 -1 -1 -1 -1 -1 -1 -1 -1 -1 -1 
1 1 1 1 1 1 1 1 1 1 1 1 1 0.999999 0.999995 0.999986 0.999958 0.999881 0.999658 0.998946 0.995578 0.00182065 -0.997508 -0.998734 -0.999741 -0.999883 -0.99997 -0.999988 -0.999997 -0.999999 -1 -1 -1 -1 -1 -1 -1 -1 -1 -1 -1 -1 -1 
1 1 1 1 1 1 1 1 1 1 1 1 1 0.999999 0.999996 0.999988 0.999965 0.999899 0.99971 0.999104 0.996223 0.00155596 -0.997875 -0.998921 -0.999781 -0.999902 -0.999975 -0.99999 -0.999997 -0.999999 -1 -1 -1 -1 -1 -1 -1 -1 -1 -1 -1 -1 -1 
1 1 1 1 1 1 1 1 1 1 1 1 1 0.999999 0.999997 0.99999 0.999971 0.999915 0.999755 0.999239 0.996775 0.0013294 -0.998188 -0.999081 -0.999815 -0.999917 -0.999979 -0.999992 -0.999998 -0.999999 -1 -1 -1 -1 -1 -1 -1 -1 -1 -1 -1 -1 -1 
1 1 1 1 1 1 1 1 1 1 1 1 1 0.999999 0.999997 0.999992 0.999975 0.999928 0.999793 0.999354 0.997247 0.00113556 -0.998455 -0.999218 -0.999844 -0.99993 -0.999983 -0.999993 -0.999998 -0.999999 -1 -1 -1 -1 -1 -1 -1 -1 -1 -1 -1 -1 -1 
1 1 1 1 1 1 1 1 1 1 1 1 1 0.999999 0.999998 0.999993 0.999979 0.99994 0.999824 0.999451 0.997651 0.000969766 -0.998684 -0.999335 -0.999868 -0.999941 -0.999986 -0.999994 -0.999999 -1 -1 -1 -1 -1 -1 -1 -1 -1 -1 -1 -1 -1 -1 
1 1 1 1 1 1 1 1 1 1 1 1 1 0.999999 0.999998 0.999994 0.999983 0.999949 0.999852 0.999534 0.997997 0.000828021 -0.998879 -0.999434 -0.999889 -0.99995 -0.999988 -0.999995 -0.999999 -1 -1 -1 -1 -1 -1 -1 -1 -1 -1 -1 -1 -1 -1 
1 1 1 1 1 1 1 1 1 1 1 1 1 1 0.999998 0.999995 0.999985 0.999957 0.999875 0.999605 0.998292 0.000706868 -0.999045 -0.999519 -0.999906 -0.999958 -0.99999 -0.999996 -0.999999 -1 -1 -1 -1 -1 -1 -1 -1 -1 -1 -1 -1 -1 -1 
1 1 1 1 1 1 1 1 1 1 1 1 1 1 0.999999 0.999996 0.999988 0.999964 0.999894 0.999665 0.998544 0.000603345 -0.999187 -0.999591 -0.999921 -0.999965 -0.999992 -0.999997 -0.999999 -1 -1 -1 -1 -1 -1 -1 -1 -1 -1 -1 -1 -1 -1 
1 1 1 1 1 1 1 1 1 1 1 1 1 1 0.999999 0.999997 0.99999 0.99997 0.99991 0.999716 0.998759 0.000514904 -0.999308 -0.999653 -0.999933 -0.99997 -0.999993 -0.999997 -0.999999 -1 -1 -1 -1 -1 -1 -1 -1 -1 -1 -1 -1 -1 -1 
1 1 1 1 1 1 1 1 1 1 1 1 1 1 0.999999 0.999997 0.999991 0.999974 0.999924 0.999759 0.998943 0.000439365 -0.999412 -0.999705 -0.999944 -0.999975 -0.999994 -0.999998 -0.999999 -1 -1 -1 -1 -1 -1 -1 -1 -1 -1 -1 -1 -1 -1 
1 1 1 1 1 1 1 1 1 1 1 1 1 1 0.999999 0.999998 0.999993 0.999979 0.999936 0.999796 0.9991 0.000374857 -0.9995 -0.99975 -0.999953 -0.999979 -0.999995 -0.999998 -1 -1 -1 -1 -1 -1 -1 -1 -1 -1 -1 -1 -1 -1 -1 
1 1 1 1 1 1 1 1 1 1 1 1 1 1 0.999999 0.999998 0.999994 0.999982 0.999946 0.999827 0.999233 0.000319777 -0.999575 -0.999788 -0.99996 -0.999982 -0.999996 -0.999998 -1 -1 -1 -1 -1 -1 -1 -1 -1 -1 -1 -1 -1 -1 -1 
1 1 1 1 1 1 1 1 1 1 1 1 1 1 0.999999 0.999998 0.999995 0.999985 0.999954 0.999853 0.999347 0.000272756 -0.999639 -0.99982 -0.999966 -0.999985 -0.999997 -0.999999 -1 -1 -1 -1 -1 -1 -1 -1 -1 -1 -1 -1 -1 -1 -1 
1 1 1 1 1 1 1 1 1 1 1 1 1 1 1 0.999999 0.999996 0.999987 0.999962 0.999876 0.999445 0.000232618 -0.999693 -0.999848 -0.999972 -0.999988 -0.999997 -0.999999 -1 -1 -1 -1 -1 -1 -1 -1 -1 -1 -1 -1 -1 -1 -1 
1 1 1 1 1 1 1 1 1 1 1 1 1 1 1 0.999999 0.999996 0.999989 0.999968 0.999895 0.999528 0.000198361 -0.999739 -0.999871 -0.999976 -0.99999 -0.999998 -0.999999 -1 -1 -1 -1 -1 -1 -1 -1 -1 -1 -1 -1 -1 -1 -1 
1 1 1 1 1 1 1 1 1 1 1 1 1 1 1 0.999999 0.999997 0.999991 0.999973 0.999911 0.999598 0.000169126 -0.999779 -0.999891 -0.99998 -0.999991 -0.999998 -0.999999 -1 -1 -1 -1 -1 -1 -1 -1 -1 -1 -1 -1 -1 -1 -1 
1 1 1 1 1 1 1 1 1 1 1 1 1 1 1 0.999999 0.999998 0.999992 0.999977 0.999925 0.999658 0.000144181 -0.999812 -0.999907 -0.999983 -0.999993 -0.999998 -0.999999 -1 -1 -1 -1 -1 -1 -1 -1 -1 -1 -1 -1 -1 -1 -1 
1 1 1 1 1 1 1 1 1 1 1 1 1 1 1 0.999999 0.999998 0.999994 0.999981 0.999936 0.99971 0.000122898 -0.999841 -0.999922 -0.999986 -0.999994 -0.999999 -0.999999 -1 -1 -1 -1 -1 -1 -1 -1 -1 -1 -1 -1 -1 -1 -1 
1 1 1 1 1 1 1 1 1 1 1 1 1 1 1 0.999999 0.999998 0.999995 0.999984 0.999946 0.999753 0.000104742 -0.999865 -0.999934 -0.999988 -0.999995 -0.999999 -1 -1 -1 -1 -1 -1 -1 -1 -1 -1 -1 -1 -1 -1 -1 -1 
1 1 1 1 1 1 1 1 1 1 1 1 1 1 1 1 0.999999 0.999996 0.999986 0.999954 0.999791 8.92545e-05 -0.999886 -0.999944 -0.99999 -0.999996 -0.999999 -1 -1 -1 -1 -1 -1 -1 -1 -1 -1 -1 -1 -1 -1 -1 -1 
1 1 1 1 1 1 1 1 1 1 1 1 1 1 1 1 0.999999 0.999996 0.999988 0.999962 0.999822 7.60459e-05 -0.999903 -0.999953 -0.999992 -0.999996 -0.999999 -1 -1 -1 -1 -1 -1 -1 -1 -1 -1 -1 -1 -1 -1 -1 -1 
1 1 1 1 1 1 1 1 1 1 1 1 1 1 1 1 0.999999 0.999997 0.99999 0.999967 0.999849 6.47819e-05 -0.999918 -0.99996 -0.999993 -0.999997 -0.999999 -1 -1 -1 -1 -1 -1 -1 -1 -1 -1 -1 -1 -1 -1 -1 -1 
1 1 1 1 1 1 1 1 1 1 1 1 1 1 1 1 0.999999 0.999997 0.999992 0.999973 0.999872 5.51774e-05 -0.999931 -0.999966 -0.999994 -0.999997 -0.999999 -1 -1 -1 -1 -1 -1 -1 -1 -1 -1 -1 -1 -1 -1 -1 -1 
1 1 1 1 1 1 1 1 1 1 1 1 1 1 1 1 0.999999 0.999998 0.999993 0.999977 0.999891 4.69891e-05 -0.999941 -0.999971 -0.999995 -0.999998 -1 -1 -1 -1 -1 -1 -1 -1 -1 -1 -1 -1 -1 -1 -1 -1 -1 
1 1 1 1 1 1 1 1 1 1 1 1 1 1 1 1 0.999999 0.999998 0.999994 0.99998 0.999908 4.00091e-05 -0.99995 -0.999976 -0.999996 -0.999998 -1 -1 -1 -1 -1 -1 -1 -1 -1 -1 -1 -1 -1 -1 -1 -1 -1 
1 1 1 1 1 1 1 1 1 1 1 1 1 1 1 1 1 0.999998 0.999995 0.999983 0.999922 3.40599e-05 -0.999958 -0.99998 -0.999997 -0.999999 -1 -1 -1 -1 -1 -1 -1 -1 -1 -1 -1 -1 -1 -1 -1 -1 -1 
1 1 1 1 1 1 1 1 1 1 1 1 1 1 1 1 1 0.999999 0.999996 0.999986 0.999934 2.89901e-05 -0.999964 -0.999983 -0.999997 -0.999999 -1 -1 -1 -1 -1 -1 -1 -1 -1 -1 -1 -1 -1 -1 -1 -1 -1 
1 1 1 1 1 1 1 1 1 1 1 1 1 1 1 1 1 0.999999 0.999997 0.999988 0.999944 2.46703e-05 -0.99997 -0.999986 -0.999998 -0.999999 -1 -1 -1 -1 -1 -1 -1 -1 -1 -1 -1 -1 -1 -1 -1 -1 -1 
1 1 1 1 1 1 1 1 1 1 1 1 1 1 1 1 1 0.999999 0.999997 0.99999 0.999952 2.09902e-05 -0.999975 -0.999988 -0.999998 -0.999999 -1 -1 -1 -1 -1 -1 -1 -1 -1 -1 -1 -1 -1 -1 -1 -1 -1 
1 1 1 1 1 1 1 1 1 1 1 1 1 1 1 1 1 0.999999 0.999998 0.999992 0.99996 1.78556e-05 -0.999979 -0.99999 -0.999998 -0.999999 -1 -1 -1 -1 -1 -1 -1 -1 -1 -1 -1 -1 -1 -1 -1 -1 -1 
1 1 1 1 1 1 1 1 1 1 1 1 1 1 1 1 1 0.999999 0.999998 0.999993 0.999966 1.5186e-05 -0.999982 -0.999991 -0.999999 -0.999999 -1 -1 -1 -1 -1 -1 -1 -1 -1 -1 -1 -1 -1 -1 -1 -1 -1 
1 1 1 1 1 1 1 1 1 1 1 1 1 1 1 1 1 0.999999 0.999998 0.999994 0.999971 1.29129e-05 -0.999985 -0.999993 -0.999999 -0.999999 -1 -1 -1 -1 -1 -1 -1 -1 -1 -1 -1 -1 -1 -1 -1 -1 -1 
1 1 1 1 1 1 1 1 1 1 1 1 1 1 1 1 1 1 0.999999 0.999995 0.999976 1.09777e-05 -0.999987 -0.999994 -0.999999 -1 -1 -1 -1 -1 -1 -1 -1 -1 -1 -1 -1 -1 -1 -1 -1 -1 -1 
1 1 1 1 1 1 1 1 1 1 1 1 1 1 1 1 1 1 0.999999 0.999996 0.999979 9.33054e-06 -0.999989 -0.999995 -0.999999 -1 -1 -1 -1 -1 -1 -1 -1 -1 -1 -1 -1 -1 -1 -1 -1 -1 -1 
1 1 1 1 1 1 1 1 1 1 1 1 1 1 1 1 1 1 0.999999 0.999996 0.999983 7.92879e-06 -0.999991 -0.999996 -0.999999 -1 -1 -1 -1 -1 -1 -1 -1 -1 -1 -1 -1 -1 -1 -1 -1 -1 -1 
1 1 1 1 1 1 1 1 1 1 1 1 1 1 1 1 1 1 0.999999 0.999997 0.999985 6.73613e-06 -0.999992 -0.999996 -0.999999 -1 -1 -1 -1 -1 -1 -1 -1 -1 -1 -1 -1 -1 -1 -1 -1 -1 -1 
1 1 1 1 1 1 1 1 1 1 1 1 1 1 1 1 1 1 0.999999 0.999997 0.999987 5.72157e-06 -0.999994 -0.999997 -1 -1 -1 -1 -1 -1 -1 -1 -1 -1 -1 -1 -1 -1 -1 -1 -1 -1 -1 
1 1 1 1 1 1 1 1 1 1 1 1 1 1 1 1 1 1 0.999999 0.999998 0.999989 4.8587e-06 -0.999995 -0.999997 -1 -1 -1 -1 -1 -1 -1 -1 -1 -1 -1 -1 -1 -1 -1 -1 -1 -1 -1 
1 1 1 1 1 1 1 1 1 1 1 1 1 1 1 1 1 1 1 0.999998 0.999991 4.125e-06 -0.999995 -0.999998 -1 -1 -1 -1 -1 -1 -1 -1 -1 -1 -1 -1 -1 -1 -1 -1 -1 -1 -1 
1 1 1 1 1 1 1 1 1 1 1 1 1 1 1 1 1 1 1 0.999999 0.999992 3.50125e-06 -0.999996 -0.999998 -1 -1 -1 -1 -1 -1 -1 -1 -1 -1 -1 -1 -1 -1 -1 -1 -1 -1 -1 
1 1 1 1 1 1 1 1 1 1 1 1 1 1 1 1 1 1 1 0.999999 0.999994 2.97112e-06 -0.999997 -0.999998 -1 -1 -1 -1 -1 -1 -1 -1 -1 -1 -1 -1 -1 -1 -1 -1 -1 -1 -1 
1 1 1 1 1 1 1 1 1 1 1 1 1 1 1 1 1 1 1 0.999999 0.999995 2.52063e-06 -0.999997 -0.999999 -1 -1 -1 -1 -1 -1 -1 -1 -1 -1 -1 -1 -1 -1 -1 -1 -1 -1 -1 
1 1 1 1 1 1 1 1 1 1 1 1 1 1 1 1 1 1 1 0.999999 0.999995 2.13793e-06 -0.999998 -0.999999 -1 -1 -1 -1 -1 -1 -1 -1 -1 -1 -1 -1 -1 -1 -1 -1 -1 -1 -1 
1 1 1 1 1 1 1 1 1 1 1 1 1 1 1 1 1 1 1 0.999999 0.999996 1.81288e-06 -0.999998 -0.999999 -1 -1 -1 -1 -1 -1 -1 -1 -1 -1 -1 -1 -1 -1 -1 -1 -1 -1 -1 
1 1 1 1 1 1 1 1 1 1 1 1 1 1 1 1 1 1 1 0.999999 0.999997 1.53687e-06 -0.999998 -0.999999 -1 -1 -1 -1 -1 -1 -1 -1 -1 -1 -1 -1 -1 -1 -1 -1 -1 -1 -1 
1 1 1 1 1 1 1 1 1 1 1 1 1 1 1 1 1 1 1 0.999999 0.999997 1.30255e-06 -0.999999 -0.999999 -1 -1 -1 -1 -1 -1 -1 -1 -1 -1 -1 -1 -1 -1 -1 -1 -1 -1 -1 
1 1 1 1 1 1 1 1 1 1 1 1 1 1 1 1 1 1 1 1 0.999998 1.10368e-06 -0.999999 -0.999999 -1 -1 -1 -1 -1 -1 -1 -1 -1 -1 -1 -1 -1 -1 -1 -1 -1 -1 -1 
1 1 1 1 1 1 1 1 1 1 1 1 1 1 1 1 1 1 1 1 0.999998 9.34933e-07 -0.999999 -1 -1 -1 -1 -1 -1 -1 -1 -1 -1 -1 -1 -1 -1 -1 -1 -1 -1 -1 -1 
1 1 1 1 1 1 1 1 1 1 1 1 1 1 1 1 1 1 1 1 0.999998 7.91783e-07 -0.999999 -1 -1 -1 -1 -1 -1 -1 -1 -1 -1 -1 -1 -1 -1 -1 -1 -1 -1 -1 -1 
1 1 1 1 1 1 1 1 1 1 1 1 1 1 1 1 1 1 1 1 0.999999 6.70378e-07 -0.999999 -1 -1 -1 -1 -1 -1 -1 -1 -1 -1 -1 -1 -1 -1 -1 -1 -1 -1 -1 -1 
1 1 1 1 1 1 1 1 1 1 1 1 1 1 1 1 1 1 1 1 0.999999 5.67441e-07 -0.999999 -1 -1 -1 -1 -1 -1 -1 -1 -1 -1 -1 -1 -1 -1 -1 -1 -1 -1 -1 -1 
1 1 1 1 1 1 1 1 1 1 1 1 1 1 1 1 1 1 1 1 0.999999 4.80185e-07 -1 -1 -1 -1 -1 -1 -1 -1 -1 -1 -1 -1 -1 -1 -1 -1 -1 -1 -1 -1 -1 
1 1 1 1 1 1 1 1 1 1 1 1 1 1 1 1 1 1 1 1 0.999999 4.06241e-07 -1 -1 -1 -1 -1 -1 -1 -1 -1 -1 -1 -1 -1 -1 -1 -1 -1 -1 -1 -1 -1 
1 1 1 1 1 1 1 1 1 1 1 1 1 1 1 1 1 1 1 1 0.999999 3.43594e-07 -1 -1 -1 -1 -1 -1 -1 -1 -1 -1 -1 -1 -1 -1 -1 -1 -1 -1 -1 -1 -1 
1 1 1 1 1 1 1 1 1 1 1 1 1 1 1 1 1 1 1 1 0.999999 2.90532e-07 -1 -1 -1 -1 -1 -1 -1 -1 -1 -1 -1 -1 -1 -1 -1 -1 -1 -1 -1 -1 -1 
1 1 1 1 1 1 1 1 1 1 1 1 1 1 1 1 1 1 1 1 1 2.45599e-07 -1 -1 -1 -1 -1 -1 -1 -1 -1 -1 -1 -1 -1 -1 -1 -1 -1 -1 -1 -1 -1 
1 1 1 1 1 1 1 1 1 1 1 1 1 1 1 1 1 1 1 1 1 2.07562e-07 -1 -1 -1 -1 -1 -1 -1 -1 -1 -1 -1 -1 -1 -1 -1 -1 -1 -1 -1 -1 -1 
1 1 1 1 1 1 1 1 1 1 1 1 1 1 1 1 1 1 1 1 1 1.7537e-07 -1 -1 -1 -1 -1 -1 -1 -1 -1 -1 -1 -1 -1 -1 -1 -1 -1 -1 -1 -1 -1 
1 1 1 1 1 1 1 1 1 1 1 1 1 1 1 1 1 1 1 1 1 1.48131e-07 -1 -1 -1 -1 -1 -1 -1 -1 -1 -1 -1 -1 -1 -1 -1 -1 -1 -1 -1 -1 -1 
1 1 1 1 1 1 1 1 1 1 1 1 1 1 1 1 1 1 1 1 1 1.25091e-07 -1 -1 -1 -1 -1 -1 -1 -1 -1 -1 -1 -1 -1 -1 -1 -1 -1 -1 -1 -1 -1 
1 1 1 1 1 1 1 1 1 1 1 1 1 1 1 1 1 1 1 1 1 1.05606e-07 -1 -1 -1 -1 -1 -1 -1 -1 -1 -1 -1 -1 -1 -1 -1 -1 -1 -1 -1 -1 -1 
1 1 1 1 1 1 1 1 1 1 1 1 1 1 1 1 1 1 1 1 1 8.91337e-08 -1 -1 -1 -1 -1 -1 -1 -1 -1 -1 -1 -1 -1 -1 -1 -1 -1 -1 -1 -1 -1 
1 1 1 1 1 1 1 1 1 1 1 1 1 1 1 1 1 1 1 1 1 7.52108e-08 -1 -1 -1 -1 -1 -1 -1 -1 -1 -1 -1 -1 -1 -1 -1 -1 -1 -1 -1 -1 -1 
