1 1 0.975 0.95 0.925 0.9 0.875 0.85 0.825 0.8 0.775 0.75 0.725 0.7 0.675 0.65 0.625 0.6 0.575 0.55 0.525 0.5 0.475 0.45 0.425 0.4 0.375 0.35 0.325 0.3 0.275 0.25 0.225 0.2 0.175 0.15 0.125 0.1 0.075 0.05 0.025 0 0 
1 1 1.00076 0.966625 0.941187 0.91575 0.890312 0.864875 0.839437 0.814 0.788562 0.763125 0.737687 0.71225 0.686812 0.661375 0.635937 0.6105 0.585062 0.559625 0.534187 0.50875 0.483312 0.457875 0.432437 0.407 0.381562 0.356125 0.330687 0.30525 0.279812 0.254375 0.228937 0.2035 0.178062 0.152625 0.127187 0.10175 0.0763125 0.050875 0.0252734 0.00021875 0 
1 1 0.999973 1.0018 0.95504 0.932044 0.906154 0.880264 0.854373 0.828483 0.802593 0.776703 0.750813 0.724923 0.699033 0.673143 0.647253 0.621362 0.595472 0.569582 0.543692 0.517802 0.491912 0.466022 0.440132 0.414242 0.388352 0.362461 0.336571 0.310681 0.284791 0.258901 0.233011 0.207121 0.181231 0.155341 0.129451 0.10356 0.0776703 0.0517801 0.0255671 0.000434295 -0.00021875 
1 1 0.999992 1.00002 1.00282 0.939341 0.923476 0.896188 0.869829 0.843471 0.817113 0.790754 0.764396 0.738037 0.711679 0.68532 0.658962 0.632603 0.606245 0.579886 0.553528 0.527169 0.500811 0.474452 0.448094 0.421735 0.395377 0.369019 0.34266 0.316302 0.289943 0.263585 0.237226 0.210868 0.184509 0.158151 0.131792 0.105434 0.0790753 0.0527166 0.0258819 0.000646726 -0.000434295 
1 1 0.999998 0.999999 1.0004 1.00065 0.921059 0.916901 0.885547 0.85899 0.832147 0.805303 0.77846 0.751616 0.724773 0.697929 0.671086 0.644242 0.617399 0.590556 0.563712 0.536869 0.510025 0.483182 0.456338 0.429495 0.402652 0.375808 0.348965 0.322121 0.295278 0.268434 0.241591 0.214747 0.187904 0.161061 0.134217 0.107374 0.0805302 0.053686 0.0262185 0.000856248 -0.000646726 
1 1 0.999999 0.999998 1.00012 1.00047 0.981215 0.914242 0.913625 0.873487 0.847857 0.820425 0.793078 0.76573 0.738383 0.711035 0.683688 0.65634 0.628993 0.601645 0.574298 0.54695 0.519603 0.492255 0.464908 0.43756 0.410213 0.382865 0.355518 0.32817 0.300823 0.273475 0.246128 0.21878 0.191433 0.164085 0.136738 0.10939 0.0820422 0.0546931 0.0265789 0.00106376 -0.000856248 
1 1 1 0.999999 1.00003 1.00016 0.994747 0.959188 0.91354 0.910499 0.858739 0.836699 0.808229 0.780382 0.752511 0.72464 0.69677 0.668899 0.641028 0.613157 0.585286 0.557416 0.529545 0.501674 0.473803 0.445933 0.418062 0.390191 0.36232 0.334449 0.306579 0.278708 0.250837 0.222966 0.195095 0.167225 0.139354 0.111483 0.0836118 0.0557381 0.0269636 0.0012691 -0.00106376 
1 1 1 1 1.00001 1.00006 1.00036 0.983259 0.94358 0.911432 0.904926 0.841346 0.826189 0.795418 0.767196 0.738776 0.710361 0.681947 0.653532 0.625118 0.596703 0.568289 0.539874 0.51146 0.483046 0.454631 0.426217 0.397802 0.369388 0.340973 0.312559 0.284144 0.25573 0.227316 0.198901 0.170487 0.142072 0.113658 0.0852425 0.0568233 0.0273736 0.00147261 -0.0012691 
1 1 1 1 1 1.00003 1.00007 1.00094 0.96967 0.929297 0.907917 0.893879 0.824761 0.817011 0.781651 0.75352 0.724484 0.695506 0.666526 0.637547 0.608568 0.579588 0.550609 0.521629 0.49265 0.46367 0.434691 0.405712 0.376732 0.347753 0.318773 0.289794 0.260815 0.231835 0.202856 0.173876 0.144897 0.115918 0.086937 0.0579504 0.0278098 0.00167452 -0.00147261 
1 1 1 1 1 1.00001 1.00004 1.00004 1.00022 0.959313 0.912376 0.901052 0.873592 0.815349 0.808816 0.766413 0.73943 0.709586 0.680035 0.650468 0.620901 0.591334 0.561768 0.532201 0.502634 0.473067 0.443501 0.413934 0.384367 0.354801 0.325234 0.295667 0.2661 0.236534 0.206967 0.1774 0.147834 0.118267 0.0886985 0.0591214 0.028273 0.00187511 -0.00167452 
1 1 1 1 1 1 1.00002 1.00004 1.00003 0.993656 0.947353 0.900519 0.889753 0.852888 0.809226 0.799273 0.749407 0.725132 0.694028 0.663931 0.633749 0.60357 0.573392 0.543213 0.513035 0.482856 0.452678 0.422499 0.392321 0.362142 0.331964 0.301785 0.271607 0.241428 0.21125 0.181071 0.150893 0.120714 0.0905333 0.0603405 0.0287651 0.00207506 -0.00187511 
1 1 1 1 1 1 1.00001 1.00002 1.00004 1.00032 0.983263 0.932028 0.891906 0.876824 0.834601 0.802339 0.786731 0.731283 0.710842 0.677679 0.647158 0.616319 0.585504 0.554688 0.523872 0.493056 0.46224 0.431424 0.400608 0.369792 0.338976 0.30816 0.277344 0.246528 0.215712 0.184896 0.15408 0.123264 0.0924452 0.0616102 0.0292871 0.00227466 -0.00207506 
1 1 1 1 1 1 1 1.00001 1.00003 1.00006 1.00083 0.971597 0.91448 0.882727 0.86501 0.815945 0.79349 0.770414 0.713727 0.696527 0.660368 0.62969 0.598125 0.56665 0.535169 0.503689 0.472208 0.440728 0.409247 0.377766 0.346286 0.314805 0.283325 0.251844 0.220364 0.188883 0.157403 0.125922 0.0944381 0.062933 0.0298402 0.00247428 -0.00227466 
1 1 1 1 1 1 1 1 1.00002 1.00004 1.00008 1.00036 0.959109 0.893573 0.873653 0.854532 0.796674 0.782144 0.750516 0.69831 0.68165 0.641971 0.61152 0.579106 0.546954 0.514779 0.482605 0.450432 0.418258 0.386084 0.353911 0.321737 0.289563 0.257389 0.225216 0.193042 0.160868 0.128695 0.0965168 0.0643121 0.0304257 0.00267434 -0.00247428 
1 1 1 1 1 1 1 1 1 1.00003 1.00005 1.00007 0.995136 0.948493 0.869488 0.865171 0.839473 0.781613 0.768748 0.728976 0.684525 0.665289 0.622551 0.592651 0.559208 0.526373 0.49347 0.460572 0.427674 0.394776 0.361878 0.32898 0.296082 0.263184 0.230286 0.197388 0.16449 0.131592 0.098689 0.0657526 0.0310459 0.00287553 -0.00267434 
1 1 1 1 1 1 1 1 1 1 1.00005 1.00006 1.00009 0.980402 0.925868 0.860964 0.857024 0.820419 0.769985 0.753721 0.707066 0.670681 0.64673 0.602393 0.573014 0.538355 0.504847 0.471177 0.437522 0.403867 0.370211 0.336556 0.3029 0.269245 0.235589 0.201933 0.168278 0.134622 0.100961 0.0672585 0.0317025 0.00307834 -0.00287553 
1 1 1 1 1 1 1 1 1 1 1.00001 1.00006 1.00006 1.00067 0.957763 0.903562 0.856371 0.846886 0.800319 0.75817 0.737221 0.684843 0.655661 0.625879 0.581859 0.552448 0.516478 0.482309 0.447826 0.413381 0.378932 0.344484 0.310035 0.275587 0.241139 0.20669 0.172242 0.137794 0.103338 0.068834 0.0323972 0.00328326 -0.00307834 
1 1 1 1 1 1 1 1 1 1 1 1.00002 1.00006 1.00003 1.00144 0.931348 0.884339 0.849825 0.834631 0.778509 0.74511 0.718634 0.663187 0.639037 0.603115 0.561099 0.53071 0.493523 0.45868 0.423336 0.388064 0.352785 0.317507 0.282228 0.24695 0.211671 0.176393 0.141114 0.105828 0.070483 0.033132 0.00349075 -0.00328326 
1 1 1 1 1 1 1 1 1 1 1 1.00001 1.00003 1.00005 1 1.00053 0.903402 0.865277 0.842311 0.820875 0.754994 0.730309 0.696799 0.643636 0.620521 0.579031 0.539924 0.507583 0.469462 0.433872 0.397621 0.361486 0.325336 0.289188 0.253039 0.216891 0.180742 0.144594 0.108437 0.0722107 0.033909 0.0037014 -0.00349075 
1 1 1 1 1 1 1 1 1 1 1 1 1.00002 1.00004 1.00004 1.00003 0.994711 0.873761 0.84861 0.833408 0.803556 0.73251 0.713803 0.672642 0.625706 0.599588 0.55428 0.517914 0.482986 0.444277 0.407802 0.370609 0.333566 0.296501 0.259439 0.222376 0.185313 0.148251 0.111178 0.0740258 0.0347321 0.00391619 -0.0037014 
1 1 1 1 1 1 1 1 1 1 1 1 1.00001 1.00002 1.00004 1.00004 0.999165 0.983861 0.838032 0.839509 0.821617 0.78006 0.714404 0.696139 0.647657 0.607332 0.575886 0.5294 0.494566 0.456938 0.417882 0.380356 0.342197 0.304196 0.266169 0.228145 0.190121 0.152097 0.114062 0.0759345 0.0356041 0.00413575 -0.00391619 
1 1 1 1 1 1 1 1 1 1 1 1 1 1.00001 1.00003 1.00004 0.999837 0.994419 0.931018 0.838326 0.836961 0.804547 0.753593 0.698836 0.676575 0.622413 0.587078 0.549779 0.504569 0.469438 0.429529 0.390134 0.351417 0.31227 0.273256 0.234217 0.195181 0.156145 0.117097 0.0779432 0.036528 0.00436071 -0.00413575 
1 1 1 1 1 1 1 1 1 1 1 1 1 1 1.00002 1.00003 0.999994 0.999943 0.972596 0.897398 0.835842 0.831819 0.781634 0.726692 0.682791 0.653774 0.597533 0.564437 0.522155 0.479335 0.442281 0.400818 0.360853 0.320876 0.280705 0.24062 0.200514 0.160411 0.120296 0.0800601 0.0375075 0.00459189 -0.00436071 
1 1 1 1 1 1 1 1 1 1 1 1 1 1 1.00001 1.00002 1.00002 0.99999 1.00053 0.940616 0.872978 0.832472 0.821989 0.755147 0.700253 0.664658 0.627572 0.573181 0.539287 0.49383 0.452865 0.413107 0.370748 0.329857 0.288619 0.247363 0.206145 0.164914 0.123672 0.0822942 0.0385466 0.00483015 -0.00459189 
1 1 1 1 1 1 1 1 1 1 1 1 1 1 1 1.00001 1.00002 1.00001 0.999964 0.99862 0.908681 0.850309 0.827406 0.804872 0.725578 0.676089 0.64394 0.59903 0.548523 0.511666 0.465093 0.424424 0.382096 0.339114 0.296983 0.254505 0.212086 0.169672 0.127239 0.0846542 0.0396495 0.0050763 -0.00483015 
1 1 1 1 1 1 1 1 1 1 1 1 1 1 1 1 1.00001 1.00002 0.999999 0.999989 0.987413 0.884192 0.827258 0.819937 0.780324 0.693322 0.655006 0.620267 0.569227 0.52254 0.481977 0.435596 0.393651 0.3494 0.305647 0.262106 0.218379 0.174709 0.131017 0.0871536 0.0408223 0.00533164 -0.0050763 
1 1 1 1 1 1 1 1 1 1 1 1 1 1 1 1 1.00001 1.00001 1.00001 0.999997 0.999826 0.956164 0.859195 0.819884 0.808834 0.750643 0.660793 0.635119 0.592914 0.538809 0.494628 0.450698 0.404576 0.360524 0.314951 0.270073 0.225079 0.180046 0.135023 0.0898038 0.0420704 0.00559715 -0.00533164 
1 1 1 1 1 1 1 1 1 1 1 1 1 1 1 1 1 1.00001 1.00001 1.00001 0.99999 0.996103 0.92568 0.832134 0.813862 0.787554 0.71508 0.634349 0.614005 0.561755 0.508131 0.464518 0.41797 0.371367 0.325179 0.278486 0.232178 0.185724 0.139275 0.0926191 0.0434003 0.0058741 -0.00559715 
1 1 1 1 1 1 1 1 1 1 1 1 1 1 1 1 1 1 1.00001 1.00001 1 1.00012 0.980271 0.90602 0.802857 0.806122 0.754538 0.675845 0.615368 0.588751 0.527648 0.477023 0.432042 0.383489 0.335642 0.287642 0.23967 0.191774 0.1438 0.0956144 0.0448195 0.00616387 -0.0058741 
1 1 1 1 1 1 1 1 1 1 1 1 1 1 1 1 1 1 1.00001 1.00001 1.00001 1.00002 1.00047 0.948609 0.864552 0.803438 0.796502 0.715722 0.638631 0.59593 0.557074 0.492144 0.444771 0.397033 0.346794 0.297322 0.247714 0.198197 0.148631 0.0988069 0.0463362 0.00646797 -0.00616387 
1 1 1 1 1 1 1 1 1 1 1 1 1 1 1 1 1 1 1 1.00001 1.00001 1.00001 1.00001 1.00027 0.907377 0.836352 0.799392 0.773266 0.675053 0.605462 0.572117 0.519695 0.456654 0.410357 0.35931 0.307527 0.256325 0.205057 0.153785 0.102218 0.0479591 0.00678807 -0.00646797 
1 1 1 1 1 1 1 1 1 1 1 1 1 1 1 1 1 1 1 1 1.00001 1.00001 1.00001 1 0.993122 0.875241 0.806451 0.789151 0.735776 0.63208 0.57932 0.54213 0.478995 0.421181 0.372788 0.318758 0.265452 0.212419 0.1593 0.105872 0.0497002 0.00712627 -0.00678807 
1 1 1 1 1 1 1 1 1 1 1 1 1 1 1 1 1 1 1 1 1.00001 1.00001 1.00001 1.00001 1 0.967056 0.841376 0.791437 0.77134 0.691547 0.590089 0.554466 0.50473 0.437496 0.384162 0.331499 0.275283 0.220282 0.165226 0.109793 0.0515724 0.00748483 -0.00712627 
1 1 1 1 1 1 1 1 1 1 1 1 1 1 1 1 1 1 1 1 1 1.00001 1.00001 1.00001 1.00001 0.997344 0.938288 0.801507 0.781068 0.739018 0.642775 0.556214 0.52501 0.461217 0.396509 0.343648 0.286495 0.228658 0.171594 0.114015 0.0535892 0.00786619 -0.00748483 
1 1 1 1 1 1 1 1 1 1 1 1 1 1 1 1 1 1 1 1 1 1 1.00001 1.00001 1.00001 0.999884 0.983264 0.908314 0.767309 0.767972 0.692143 0.591948 0.529572 0.487337 0.414774 0.354866 0.298432 0.237977 0.178391 0.118574 0.0557677 0.00827325 -0.00786619 
1 1 1 1 1 1 1 1 1 1 1 1 1 1 1 1 1 1 1 1 1 1 1 1.00001 1.00001 0.999992 0.999505 0.953209 0.850002 0.767444 0.747143 0.639417 0.545334 0.499497 0.440818 0.368058 0.30984 0.248427 0.185765 0.123484 0.0581299 0.00870934 -0.00827325 
1 1 1 1 1 1 1 1 1 1 1 1 1 1 1 1 1 1 1 1 1 1 1 1.00001 1.00001 1.00001 0.999973 0.999612 0.914287 0.808134 0.755137 0.704826 0.582685 0.507221 0.46102 0.389008 0.320771 0.259421 0.194004 0.128774 0.0606952 0.00917866 -0.00870934 
1 1 1 1 1 1 1 1 1 1 1 1 1 1 1 1 1 1 1 1 1 1 1 1 1.00001 1.00001 0.999996 0.999988 0.992736 0.879711 0.764877 0.731713 0.647952 0.526624 0.472169 0.412475 0.335661 0.269881 0.203209 0.134564 0.0634776 0.00968615 -0.00917866 
1 1 1 1 1 1 1 1 1 1 1 1 1 1 1 1 1 1 1 1 1 1 1 1 1.00001 1.00001 1.00001 0.999993 1.00031 0.969502 0.833244 0.736438 0.694391 0.583644 0.47869 0.430691 0.356071 0.281147 0.212766 0.141058 0.0665027 0.0102364 -0.00968615 
1 1 1 1 1 1 1 1 1 1 1 1 1 1 1 1 1 1 1 1 1 1 1 1 1 1.00001 1.00001 1 1.00004 1.00058 0.937562 0.777635 0.709294 0.639614 0.516406 0.437797 0.378356 0.295949 0.22239 0.148245 0.0698437 0.0108331 -0.0102364 
1 1 1 1 1 1 1 1 1 1 1 1 1 1 1 1 1 1 1 1 1 1 1 1 1 1 1.00001 1.00001 1.00001 1.00007 0.995163 0.900092 0.717812 0.67205 0.572624 0.454787 0.3919 0.315812 0.233032 0.155866 0.0735882 0.0114841 -0.0108331 
1 1 1 1 1 1 1 1 1 1 1 1 1 1 1 1 1 1 1 1 1 1 1 1 1 1 1 1.00001 1.00001 1.00003 0.999995 0.975721 0.840161 0.671635 0.621459 0.49845 0.401538 0.334292 0.247188 0.163795 0.0777572 0.0122051 -0.0114841 
1 1 1 1 1 1 1 1 1 1 1 1 1 1 1 1 1 1 1 1 1 1 1 1 1 1 1 1.00001 1.00001 1.00001 1.00002 1.00055 0.939589 0.765974 0.628077 0.555202 0.42553 0.346668 0.264318 0.172965 0.0822417 0.0130147 -0.0122051 
1 1 1 1 1 1 1 1 1 1 1 1 1 1 1 1 1 1 1 1 1 1 1 1 1 1 1 1 1.00001 1.00001 1.00002 1.00007 1.00028 0.886983 0.683354 0.572901 0.475632 0.359128 0.279965 0.18457 0.0870958 0.0139143 -0.0130147 
1 1 1 1 1 1 1 1 1 1 1 1 1 1 1 1 1 1 1 1 1 1 1 1 1 1 1 1 1 1.00001 1.00001 1.00003 1.00007 0.990553 0.811284 0.597476 0.5049 0.392064 0.291631 0.198053 0.0927862 0.0148939 -0.0139143 
1 1 1 1 1 1 1 1 1 1 1 1 1 1 1 1 1 1 1 1 1 1 1 1 1 1 1 1 1 1.00001 1.00001 1.00002 1.00004 1.00042 0.956715 0.707266 0.516126 0.426312 0.310636 0.210282 0.099848 0.0159801 -0.0148939 
1 1 1 1 1 1 1 1 1 1 1 1 1 1 1 1 1 1 1 1 1 1 1 1 1 1 1 1 1 1 1.00001 1.00001 1.00003 1.00011 1.00066 0.882801 0.584083 0.438057 0.339245 0.223511 0.107631 0.0172838 -0.0159801 
1 1 1 1 1 1 1 1 1 1 1 1 1 1 1 1 1 1 1 1 1 1 1 1 1 1 1 1 1 1 1 1.00001 1.00002 1.00005 1.00014 0.988533 0.759314 0.460615 0.356702 0.243094 0.115768 0.0188424 -0.0172838 
1 1 1 1 1 1 1 1 1 1 1 1 1 1 1 1 1 1 1 1 1 1 1 1 1 1 1 1 1 1 1 1 1.00001 1.00003 1.00008 1.00049 0.931681 0.592314 0.358165 0.263252 0.126329 0.020571 -0.0188424 
1 1 1 1 1 1 1 1 1 1 1 1 1 1 1 1 1 1 1 1 1 1 1 1 1 1 1 1 1 1 1 1 1 1.00002 1.00004 1.00014 0.998847 0.79672 0.415209 0.268336 0.14061 0.0226655 -0.020571 
1 1 1 1 1 1 1 1 1 1 1 1 1 1 1 1 1 1 1 1 1 1 1 1 1 1 1 1 1 1 1 1 1 1.00001 1.00003 1.00007 1.00013 0.959536 0.58324 0.272933 0.150585 0.0258355 -0.0226655 
1 1 1 1 1 1 1 1 1 1 1 1 1 1 1 1 1 1 1 1 1 1 1 1 1 1 1 1 1 1 1 1 1 1 1.00001 1.00005 1.00009 1.00062 0.819807 0.340473 0.151411 0.0296333 -0.0258355 
1 1 1 1 1 1 1 1 1 1 1 1 1 1 1 1 1 1 1 1 1 1 1 1 1 1 1 1 1 1 1 1 1 1 1 1.00002 1.00006 1.00012 0.969128 0.536264 0.154564 0.031401 -0.0296333 
1 1 1 1 1 1 1 1 1 1 1 1 1 1 1 1 1 1 1 1 1 1 1 1 1 1 1 1 1 1 1 1 1 1 1 1 1.00004 1.00008 1.00084 0.795841 0.213324 0.031056 -0.031401 
1 1 1 1 1 1 1 1 1 1 1 1 1 1 1 1 1 1 1 1 1 1 1 1 1 1 1 1 1 1 1 1 1 1 1 1 1.00001 1.00005 1.00014 0.956136 0.403049 0.0311587 -0.031056 
1 1 1 1 1 1 1 1 1 1 1 1 1 1 1 1 1 1 1 1 1 1 1 1 1 1 1 1 1 1 1 1 1 1 1 1 1 1.00003 1.00007 0.999755 0.675221 0.0650814 -0.0311587 
1 1 1 1 1 1 1 1 1 1 1 1 1 1 1 1 1 1 1 1 1 1 1 1 1 1 1 1 1 1 1 1 1 1 1 1 1 1.00001 1.00004 1.00007 0.895133 0.193398 -0.0650814 
1 1 1 1 1 1 1 1 1 1 1 1 1 1 1 1 1 1 1 1 1 1 1 1 1 1 1 1 1 1 1 1 1 1 1 1 1 1 1.00002 1.00005 0.991845 0.433624 -0.193398 
1 1 1 1 1 1 1 1 1 1 1 1 1 1 1 1 1 1 1 1 1 1 1 1 1 1 1 1 1 1 1 1 1 1 1 1 1 1 1.00001 1.00003 1.00015 0.709529 -0.433624 
1 1 1 1 1 1 1 1 1 1 1 1 1 1 1 1 1 1 1 1 1 1 1 1 1 1 1 1 1 1 1 1 1 1 1 1 1 1 1 1.00001 1.00005 0.883423 -0.709529 
1 1 1 1 1 1 1 1 1 1 1 1 1 1 1 1 1 1 1 1 1 1 1 1 1 1 1 1 1 1 1 1 1 1 1 1 1 1 1 1 1.00002 0.960301 -0.883423 
1 1 1 1 1 1 1 1 1 1 1 1 1 1 1 1 1 1 1 1 1 1 1 1 1 1 1 1 1 1 1 1 1 1 1 1 1 1 1 1 1.00001 0.987554 -0.960301 
1 1 1 1 1 1 1 1 1 1 1 1 1 1 1 1 1 1 1 1 1 1 1 1 1 1 1 1 1 1 1 1 1 1 1 1 1 1 1 1 1 0.996219 -0.987554 
1 1 1 1 1 1 1 1 1 1 1 1 1 1 1 1 1 1 1 1 1 1 1 1 1 1 1 1 1 1 1 1 1 1 1 1 1 1 1 1 1 0.998863 -0.996219 
1 1 1 1 1 1 1 1 1 1 1 1 1 1 1 1 1 1 1 1 1 1 1 1 1 1 1 1 1 1 1 1 1 1 1 1 1 1 1 1 1 0.99966 -0.998863 
1 1 1 1 1 1 1 1 1 1 1 1 1 1 1 1 1 1 1 1 1 1 1 1 1 1 1 1 1 1 1 1 1 1 1 1 1 1 1 1 1 0.999898 -0.99966 
1 1 1 1 1 1 1 1 1 1 1 1 1 1 1 1 1 1 1 1 1 1 1 1 1 1 1 1 1 1 1 1 1 1 1 1 1 1 1 1 1 0.99997 -0.999898 
1 1 1 1 1 1 1 1 1 1 1 1 1 1 1 1 1 1 1 1 1 1 1 1 1 1 1 1 1 1 1 1 1 1 1 1 1 1 1 1 1 0.999991 -0.99997 
1 1 1 1 1 1 1 1 1 1 1 1 1 1 1 1 1 1 1 1 1 1 1 1 1 1 1 1 1 1 1 1 1 1 1 1 1 1 1 1 1 0.999997 -0.999991 
1 1 1 1 1 1 1 1 1 1 1 1 1 1 1 1 1 1 1 1 1 1 1 1 1 1 1 1 1 1 1 1 1 1 1 1 1 1 1 1 1 0.999999 -0.999997 
1 1 1 1 1 1 1 1 1 1 1 1 1 1 1 1 1 1 1 1 1 1 1 1 1 1 1 1 1 1 1 1 1 1 1 1 1 1 1 1 1 1 -0.999999 
1 1 1 1 1 1 1 1 1 1 1 1 1 1 1 1 1 1 1 1 1 1 1 1 1 1 1 1 1 1 1 1 1 1 1 1 1 1 1 1 1 1 -1 
1 1 1 1 1 1 1 1 1 1 1 1 1 1 1 1 1 1 1 1 1 1 1 1 1 1 1 1 1 1 1 1 1 1 1 1 1 1 1 1 1 1 -1 
