1 1 0.975 0.95 0.925 0.9 0.875 0.85 0.825 0.8 0.775 0.75 0.725 0.7 0.675 0.65 0.625 0.6 0.575 0.55 0.525 0.5 0.475 0.45 0.425 0.4 0.375 0.35 0.325 0.3 0.275 0.25 0.225 0.2 0.175 0.15 0.125 0.1 0.075 0.05 0.025 0 0 
1 1 1.0302 0.985625 0.959687 0.93375 0.907812 0.881875 0.855938 0.83 0.804063 0.778125 0.752188 0.72625 0.700312 0.674375 0.648437 0.6225 0.596562 0.570625 0.544688 0.51875 0.492813 0.466875 0.440937 0.415 0.389062 0.363125 0.337187 0.31125 0.285312 0.259375 0.233437 0.2075 0.181562 0.155625 0.129687 0.10375 0.0778125 0.051875 0.0255859 0.00046875 0 
1 1 0.972331 1.09589 0.9828 0.969014 0.942097 0.91518 0.888263 0.861346 0.834429 0.807512 0.780595 0.753677 0.72676 0.699843 0.672926 0.646009 0.619092 0.592175 0.565258 0.538341 0.511424 0.484507 0.45759 0.430673 0.403756 0.376839 0.349922 0.323005 0.296088 0.269171 0.242253 0.215336 0.188419 0.161502 0.134585 0.107668 0.0807512 0.0538011 0.0262624 0.000927077 -0.00046875 
1 1 1.00968 0.909664 1.22889 0.922663 0.985423 0.948898 0.920989 0.89308 0.865171 0.837263 0.809354 0.781445 0.753536 0.725628 0.697719 0.66981 0.641901 0.613993 0.586084 0.558175 0.530266 0.502358 0.474449 0.44654 0.418631 0.390723 0.362814 0.334905 0.306996 0.279088 0.251179 0.22327 0.195361 0.167453 0.139544 0.111635 0.0837263 0.0557269 0.0269992 0.00136298 -0.000927077 
1 1 0.997808 1.02682 0.812244 1.32478 0.883147 1.04216 0.947458 0.923503 0.894644 0.865784 0.836925 0.808066 0.779206 0.750347 0.721487 0.692628 0.663768 0.634909 0.606049 0.57719 0.54833 0.519471 0.490611 0.461752 0.432892 0.404033 0.375173 0.346314 0.317454 0.288595 0.259735 0.230876 0.202016 0.173157 0.144297 0.115438 0.0865784 0.0575572 0.027744 0.00175783 -0.00136298 
1 1 1.00029 0.993566 1.03565 0.704695 1.43517 0.84488 1.12761 0.911793 0.926406 0.894075 0.864273 0.83447 0.804668 0.774865 0.745063 0.71526 0.685458 0.655655 0.625853 0.59605 0.566248 0.536445 0.506643 0.47684 0.447038 0.417235 0.387433 0.35763 0.327828 0.298025 0.268223 0.23842 0.208618 0.178815 0.149013 0.11921 0.0894075 0.0593624 0.028511 0.0021308 -0.00175783 
1 1 0.999987 1.00057 0.991022 1.00569 0.618307 1.54823 0.836173 1.1418 0.905823 0.946348 0.890033 0.860463 0.829732 0.799001 0.768271 0.73754 0.706809 0.676078 0.645347 0.614616 0.583886 0.553155 0.522424 0.491693 0.460962 0.430232 0.399501 0.36877 0.338039 0.307308 0.276577 0.245847 0.215116 0.184385 0.153654 0.122923 0.0921925 0.0611326 0.029288 0.00248221 -0.0021308 
1 1 1 1 1.00023 0.991502 0.923065 0.572254 1.65864 0.848954 1.1399 0.900177 0.973836 0.873862 0.854912 0.82279 0.791145 0.759499 0.727853 0.696207 0.664562 0.632916 0.60127 0.569624 0.537978 0.506333 0.474687 0.443041 0.411395 0.379749 0.348104 0.316458 0.284812 0.253166 0.221521 0.189875 0.158229 0.126583 0.0949374 0.0628729 0.0300709 0.0028153 -0.00248221 
1 1 1 1 0.999924 1.00337 0.978407 0.809455 0.562737 1.76704 0.878248 1.12131 0.905249 1.00193 0.838529 0.851814 0.813613 0.781235 0.748684 0.716132 0.683581 0.651029 0.618478 0.585926 0.553375 0.520823 0.488272 0.45572 0.423169 0.390618 0.358066 0.325515 0.292963 0.260412 0.22786 0.195309 0.162757 0.130206 0.0976544 0.0645929 0.0308592 0.00313365 -0.0028153 
1 1 1 1 0.999988 0.998969 1.01118 0.92736 0.706428 0.576168 1.87615 0.915026 1.0911 0.923669 0.966174 0.838198 0.857738 0.80074 0.769428 0.73592 0.702469 0.669019 0.635568 0.602117 0.568666 0.535215 0.501764 0.468313 0.434862 0.401411 0.36796 0.334509 0.301058 0.267607 0.234156 0.200706 0.167255 0.133804 0.100353 0.0662995 0.031653 0.00343996 -0.00313365 
1 1 1 1 0.999998 0.999784 0.996417 1.01534 0.832646 0.642956 0.601744 1.98744 0.949896 1.05852 0.934062 0.930508 0.840799 0.860141 0.780679 0.756312 0.72124 0.686911 0.652565 0.61822 0.583874 0.549529 0.515183 0.480838 0.446492 0.412147 0.377801 0.343455 0.30911 0.274764 0.240419 0.206073 0.171728 0.137382 0.103037 0.0679961 0.0324513 0.00373598 -0.00343996 
1 1 1 1 1 0.999945 0.998953 0.993689 0.979664 0.736261 0.621102 0.633503 2.09997 0.974951 1.07129 0.890602 0.900764 0.845797 0.854625 0.754384 0.743472 0.704512 0.669485 0.634245 0.59901 0.563774 0.528538 0.493302 0.458066 0.42283 0.387594 0.352359 0.317123 0.281887 0.246651 0.211415 0.176179 0.140943 0.105708 0.0696843 0.0332531 0.00402292 -0.00373598 
1 1 1 1 1 1 0.999995 0.998947 0.990001 0.88311 0.70129 0.603585 0.668325 2.21045 1.00089 1.01721 0.894262 0.880084 0.84897 0.838391 0.725796 0.73173 0.68527 0.650261 0.614085 0.577963 0.541841 0.505718 0.469595 0.433472 0.39735 0.361227 0.325104 0.288982 0.252859 0.216736 0.180614 0.144491 0.108368 0.0713662 0.0340578 0.00430194 -0.00402292 
1 1 1 1 1 1 1.00001 1.00001 0.998682 0.964977 0.782102 0.666043 0.621187 0.704163 2.31882 1.00538 1.01067 0.854035 0.874667 0.835568 0.785553 0.727684 0.719339 0.663115 0.629422 0.592119 0.555123 0.518114 0.481106 0.444098 0.40709 0.370082 0.333073 0.296065 0.259057 0.222049 0.185041 0.148033 0.111024 0.0730459 0.0348664 0.00457444 -0.00430194 
1 1 1 1 1 1 1 1.00001 0.99997 0.992595 0.896276 0.702928 0.648712 0.659744 0.740082 2.41757 1.00722 0.948507 0.85726 0.87351 0.803162 0.767529 0.711056 0.698897 0.638417 0.607176 0.568351 0.53052 0.492624 0.45473 0.416835 0.378941 0.341047 0.303153 0.265259 0.227365 0.189471 0.151577 0.113682 0.0747273 0.0356798 0.00484158 -0.00457444 
1 1 1 1 1 1 1 1 1 0.999409 0.957903 0.791399 0.682129 0.642315 0.707461 0.721555 2.84485 0.697708 0.908376 0.862549 0.859134 0.76957 0.747348 0.693364 0.673844 0.613216 0.583577 0.542803 0.504217 0.465421 0.426636 0.387851 0.349066 0.310281 0.271496 0.232711 0.193925 0.15514 0.116355 0.0764189 0.0365014 0.00510519 -0.00484158 
1 1 1 1 1 1 1 1 1 0.999881 0.985994 0.873772 0.712162 0.65767 0.670395 0.728675 0.848472 2.70301 0.8154 0.898002 0.850593 0.825478 0.740171 0.721965 0.672894 0.641658 0.587632 0.556373 0.514173 0.47497 0.435359 0.395783 0.356204 0.316626 0.277048 0.23747 0.197891 0.158313 0.118734 0.0779262 0.0372358 0.00533576 -0.00510519 
1 1 1 1 1 1 1 1 1 0.999983 0.997398 0.93697 0.774203 0.68812 0.65359 0.69641 0.808067 0.875503 2.65818 0.847696 0.895665 0.82735 0.793019 0.714649 0.698569 0.647251 0.611471 0.562113 0.52818 0.484888 0.444985 0.404471 0.364028 0.32358 0.283133 0.242685 0.202238 0.16179 0.121339 0.0795816 0.0380431 0.00558478 -0.00533576 
1 1 1 1 1 1 1 1 1 0.999999 0.999576 0.9776 0.858372 0.709676 0.672945 0.668688 0.739463 0.869806 0.880812 2.63858 0.865937 0.882312 0.79467 0.761783 0.691812 0.673722 0.619194 0.581912 0.535555 0.498461 0.454553 0.4138 0.372328 0.330966 0.289595 0.248224 0.206854 0.165483 0.124103 0.081343 0.0389031 0.00584531 -0.00558478 
1 1 1 1 1 1 1 1 1 1 0.999936 0.995902 0.921645 0.772282 0.683925 0.671119 0.709068 0.778009 0.908769 0.88017 2.63173 0.872631 0.857241 0.758918 0.732298 0.66969 0.646261 0.590125 0.552312 0.507253 0.467189 0.422986 0.381198 0.338737 0.296407 0.254062 0.211719 0.169375 0.127014 0.0832024 0.0398123 0.00611583 -0.00584531 
1 1 1 1 1 1 1 1 1 1 0.999992 0.999322 0.972481 0.837716 0.715862 0.678502 0.683933 0.756563 0.845912 0.89475 0.8672 2.85793 0.648848 0.823763 0.725106 0.704302 0.646267 0.616232 0.560618 0.522017 0.476886 0.434448 0.389988 0.347018 0.303546 0.260195 0.216828 0.173463 0.130069 0.0851581 0.0407702 0.00639585 -0.00611583 
1 1 1 1 1 1 1 1 1 1 0.999999 0.999847 0.99235 0.904552 0.756571 0.698733 0.674454 0.722098 0.816324 0.872441 0.879939 0.911837 2.68181 0.748103 0.791404 0.695954 0.674476 0.619904 0.58243 0.529891 0.489345 0.443649 0.399462 0.35469 0.310525 0.266106 0.221765 0.177411 0.133018 0.0870493 0.0416981 0.00666249 -0.00639585 
1 1 1 1 1 1 1 1 1 1 1 0.999974 0.998561 0.957649 0.829592 0.709399 0.688316 0.693165 0.778686 0.83491 0.888328 0.897702 0.902976 2.60294 0.770598 0.755761 0.667533 0.646144 0.590431 0.549176 0.498568 0.455838 0.409094 0.363697 0.318133 0.272744 0.227259 0.181813 0.136304 0.0891596 0.042735 0.006956 -0.00666249 
1 1 1 1 1 1 1 1 1 1 1 0.999997 0.999773 0.990792 0.890381 0.757364 0.700956 0.686448 0.724349 0.825094 0.856427 0.898204 0.902671 0.875334 2.72704 0.598074 0.719342 0.640762 0.616605 0.558892 0.515507 0.465829 0.420769 0.373045 0.32652 0.279861 0.233226 0.186572 0.139859 0.0914453 0.0438597 0.00726947 -0.006956 
1 1 1 1 1 1 1 1 1 1 1 1 0.999956 0.998089 0.950191 0.814386 0.716534 0.694709 0.704561 0.760962 0.864706 0.878834 0.900459 0.888701 0.892485 2.54498 0.667933 0.69105 0.614593 0.583135 0.525157 0.479959 0.430512 0.383253 0.334759 0.287057 0.239207 0.191361 0.143429 0.0937448 0.044993 0.0075805 -0.00726947 
1 1 1 1 1 1 1 1 1 1 1 1 0.999995 0.999725 0.986719 0.882633 0.753479 0.708219 0.694012 0.73693 0.789502 0.898805 0.88912 0.897969 0.88743 0.87098 2.44519 0.679848 0.659372 0.584991 0.548649 0.490594 0.4439 0.393584 0.344539 0.295054 0.245965 0.196757 0.147454 0.0963388 0.0462733 0.00792694 -0.0075805 
1 1 1 1 1 1 1 1 1 1 1 1 1 0.999971 0.998484 0.948163 0.817763 0.719267 0.703131 0.705242 0.77473 0.842203 0.894431 0.890675 0.895645 0.879853 0.830261 2.51484 0.540651 0.624287 0.553217 0.512724 0.454845 0.406351 0.354723 0.304093 0.253339 0.202704 0.15188 0.099195 0.0476848 0.0083035 -0.00792694 
1 1 1 1 1 1 1 1 1 1 1 1 1 0.999997 0.999805 0.987574 0.880974 0.759241 0.71334 0.70056 0.731848 0.822309 0.867381 0.892675 0.891668 0.889544 0.855553 0.834291 2.33961 0.586188 0.598565 0.51935 0.474046 0.416799 0.36611 0.313168 0.261028 0.208818 0.156452 0.102144 0.0491443 0.00868734 -0.0083035 
1 1 1 1 1 1 1 1 1 1 1 1 1 1 0.999988 0.999164 0.952189 0.820184 0.72685 0.70921 0.710947 0.767329 0.856556 0.871114 0.899821 0.890848 0.87419 0.845809 0.80803 2.23074 0.592502 0.561785 0.481754 0.434566 0.377105 0.324127 0.26968 0.215813 0.161661 0.105512 0.050812 0.00912031 -0.00868734 
1 1 1 1 1 1 1 1 1 1 1 1 1 1 1 0.999991 0.993271 0.895132 0.768568 0.721907 0.705522 0.737342 0.783856 0.889023 0.873975 0.907684 0.886267 0.857348 0.829036 0.757135 2.26836 0.476336 0.518864 0.442877 0.393596 0.33509 0.279757 0.223583 0.167502 0.109286 0.0526834 0.00959969 -0.00912031 
1 1 1 1 1 1 1 1 1 1 1 1 1 1 1 1 0.999899 0.964805 0.838718 0.733771 0.717055 0.710521 0.768303 0.830854 0.882747 0.877616 0.915289 0.876041 0.836694 0.794843 0.756628 2.10259 0.500076 0.482484 0.402462 0.349499 0.289664 0.231966 0.173636 0.113279 0.0546626 0.0101001 -0.00959969 
1 1 1 1 1 1 1 1 1 1 1 1 1 1 1 1 1.00001 0.999341 0.915828 0.797252 0.715119 0.7155 0.722828 0.808515 0.851027 0.880838 0.87877 0.925673 0.859213 0.808591 0.777777 0.718753 2.05576 0.433795 0.436647 0.358923 0.303035 0.241316 0.18082 0.1179 0.0569628 0.0106744 -0.0101001 
1 1 1 1 1 1 1 1 1 1 1 1 1 1 1 1 1 1.00007 0.992958 0.852338 0.781249 0.694389 0.718123 0.743551 0.843341 0.862003 0.880097 0.882615 0.927203 0.841561 0.780911 0.750979 0.702413 1.90696 0.435414 0.391436 0.312688 0.252877 0.188603 0.123053 0.0595148 0.0113046 -0.0106744 
1 1 1 1 1 1 1 1 1 1 1 1 1 1 1 1 1 0.999987 0.999966 0.998184 0.781727 0.767779 0.675199 0.734299 0.74944 0.881619 0.862285 0.887165 0.883853 0.926564 0.824064 0.750747 0.730174 0.64366 1.85728 0.371688 0.338537 0.262703 0.198406 0.129011 0.0625233 0.0120373 -0.0113046 
1 1 1 1 1 1 1 1 1 1 1 1 1 1 1 1 1 1 0.999985 0.99966 1.00086 0.712907 0.735555 0.676374 0.758245 0.794559 0.8759 0.869588 0.886221 0.883814 0.917538 0.809568 0.720793 0.691656 0.611235 1.72942 0.351634 0.284816 0.207466 0.136099 0.0659 0.0128583 -0.0120373 
1 1 1 1 1 1 1 1 1 1 1 1 1 1 1 1 1 0.999999 1 0.999942 0.999819 0.926918 0.721329 0.720236 0.672035 0.797754 0.816974 0.874366 0.873556 0.885662 0.880076 0.913859 0.794301 0.682608 0.656675 0.553389 1.64431 0.302222 0.222995 0.143382 0.0700291 0.0138229 -0.0128583 
1 1 1 1 1 1 1 1 1 1 1 1 1 1 1 1 1 1 0.999998 1.00002 0.999961 0.991092 0.938548 0.658133 0.704898 0.663672 0.850366 0.830091 0.874202 0.875948 0.884575 0.872947 0.91069 0.781233 0.639163 0.610396 0.501985 1.55272 0.238632 0.153434 0.0746081 0.0149686 -0.0138229 
1 1 1 1 1 1 1 1 1 1 1 1 1 1 1 1 1 1 1 0.999987 1.00007 1.00383 0.983286 0.874398 0.674109 0.690924 0.713834 0.84687 0.818707 0.893333 0.877239 0.882818 0.861398 0.913614 0.76825 0.586335 0.560235 0.458244 1.43686 0.164302 0.0802521 0.0163122 -0.0149686 
1 1 1 1 1 1 1 1 1 1 1 1 1 1 1 1 1 1 1 1.00001 0.999976 0.997921 1.01705 0.969495 0.901237 0.607602 0.703136 0.738493 0.843191 0.826644 0.892113 0.877693 0.880899 0.83998 0.929425 0.758009 0.524498 0.512464 0.419801 1.2844 0.0850204 0.0179785 -0.0163122 
1 1 1 1 1 1 1 1 1 1 1 1 1 1 1 1 1 1 1 0.999994 1.00002 1.00032 0.983129 1.06266 0.949209 0.903145 0.552626 0.749287 0.746493 0.842779 0.826406 0.892595 0.877606 0.881099 0.787298 0.980523 0.759032 0.456194 0.470245 0.38742 1.08415 0.0185448 -0.0179785 
1 1 1 1 1 1 1 1 1 1 1 1 1 1 1 1 1 1 1 1.00001 0.999982 0.999901 1.00672 0.926183 1.20331 0.8899 0.905627 0.572166 0.749384 0.736919 0.845312 0.813885 0.895962 0.87685 0.895561 0.606693 1.1631 0.710782 0.461239 0.436562 0.356581 0.84971 -0.0185448 
1 1 1 1 1 1 1 1 1 1 1 1 1 1 1 1 1 1 1 0.999995 1.00002 1 0.998193 1.0232 0.835488 1.29879 0.888027 0.879311 0.603409 0.748466 0.738417 0.846385 0.808491 0.897968 0.87489 0.877168 0.312122 1.49579 0.686062 0.388335 0.39612 0.478946 -0.84971 
1 1 1 1 1 1 1 1 1 1 1 1 1 1 1 1 1 1 1 1 0.999985 1.00003 1.00001 0.997854 1.01043 0.796577 1.50658 0.725288 0.808527 0.650141 0.745909 0.76059 0.839934 0.821408 0.895404 0.875167 0.649069 0.0726359 1.92206 0.595584 0.346198 0.442605 -0.478946 
1 1 1 1 1 1 1 1 1 1 1 1 1 1 1 1 1 1 1 1 0.999997 0.999978 1.00004 0.999531 1.00058 0.947367 0.868496 1.40571 0.758708 0.746394 0.658868 0.780729 0.790381 0.833418 0.819446 0.922408 0.776674 0.234968 0.210002 2.17129 0.437844 0.412931 -0.442605 
1 1 1 1 1 1 1 1 1 1 1 1 1 1 1 1 1 1 1 1 0.999999 0.999991 0.999996 0.99988 0.999493 0.98353 0.917967 0.978728 1.38081 0.619385 0.702927 0.684413 0.819288 0.809279 0.827423 0.826738 0.897722 0.236394 0.399908 0.536845 2.02398 0.417568 -0.412931 
1 1 1 1 1 1 1 1 1 1 1 1 1 1 1 1 1 1 1 1 1 0.999997 0.99999 1.00001 0.999881 0.995116 0.986067 0.914119 1.02925 1.18374 0.661992 0.693931 0.744135 0.815319 0.816419 0.827158 0.852363 0.534419 0.314547 0.516019 -0.0224256 2.50616 -0.417568 
1 1 1 1 1 1 1 1 1 1 1 1 1 1 1 1 1 1 1 1 1 0.999999 0.999994 0.999992 1 0.999339 0.990015 0.974327 0.942999 1.08143 1.03318 0.591265 0.729066 0.764524 0.833361 0.822145 0.835226 0.670838 0.370409 0.465942 0.0571103 0.626691 -2.50616 
1 1 1 1 1 1 1 1 1 1 1 1 1 1 1 1 1 1 1 1 1 1 1 0.999995 0.99998 1.00073 1.0088 0.989313 0.984657 0.77993 1.21108 1.13351 0.48553 0.800762 0.757077 0.835022 0.812583 0.850147 0.587359 0.410529 0.205414 0.356576 -0.626691 
1 1 1 1 1 1 1 1 1 1 1 1 1 1 1 1 1 1 1 1 1 0.999999 1 1 1.00001 0.999791 0.99755 1.02652 0.978465 1.00365 0.327329 1.59829 1.13522 0.549656 0.799222 0.758172 0.835479 0.798061 0.9196 0.43491 0.283654 0.303967 -0.356576 
1 1 1 1 1 1 1 1 1 1 1 1 1 1 1 1 1 1 1 1 1 1 0.999999 1 0.999997 0.999998 0.999651 0.999005 1.02368 0.980225 0.749736 -0.692868 2.87191 1.01262 0.641255 0.788172 0.777667 0.826743 0.805102 0.759519 0.334656 0.298366 -0.303967 
1 1 1 1 1 1 1 1 1 1 1 1 1 1 1 1 1 1 1 1 1 1 1 1 1 0.999997 0.999832 0.999342 1.00401 1.0206 0.740055 -0.568632 0.276235 3.46589 0.801653 0.733329 0.781962 0.795427 0.829597 0.774396 0.480632 0.279019 -0.298366 
1 1 1 1 1 1 1 1 1 1 1 1 1 1 1 1 1 1 1 1 1 1 1 1 1 0.999999 0.999903 0.99966 1.00188 1.00965 0.850621 -0.466629 0.276235 0.821272 3.32371 0.759006 0.754675 0.799189 0.811384 0.806024 0.580027 0.286276 -0.279019 
1 1 1 1 1 1 1 1 1 1 1 1 1 1 1 1 1 1 1 1 1 1 1 1 1 1 0.999946 0.999825 1.00082 1.00435 0.919152 -0.320576 0.198799 0.763728 0.979957 3.12497 0.756356 0.783379 0.804711 0.811195 0.676435 0.317001 -0.286276 
1 1 1 1 1 1 1 1 1 1 1 1 1 1 1 1 1 1 1 1 1 1 1 1 1 1 0.999972 0.999912 1.00031 1.0018 0.959335 -0.127297 0.186943 0.522382 1.01217 1.01172 3.09243 0.642196 0.798129 0.807415 0.746602 0.381912 -0.317001 
1 1 1 1 1 1 1 1 1 1 1 1 1 1 1 1 1 1 1 1 1 1 1 1 1 1 0.999986 0.999956 1.0001 1.00072 0.979895 0.0874311 0.166709 0.48491 0.829883 1.01194 1.02135 2.88293 0.722222 0.801975 0.782133 0.470939 -0.381912 
1 1 1 1 1 1 1 1 1 1 1 1 1 1 1 1 1 1 1 1 1 1 1 1 1 1 0.999993 0.999979 1.00002 1.00024 0.990784 0.329997 0.162862 0.411798 0.731033 0.878495 1.06646 0.992114 2.74873 0.753298 0.811375 0.568373 -0.470939 
1 1 1 1 1 1 1 1 1 1 1 1 1 1 1 1 1 1 1 1 1 1 1 1 1 1 0.999997 0.999991 0.999993 1.00006 0.996626 0.567485 0.190859 0.353421 0.574681 0.884363 0.966708 1.03387 0.955748 2.66001 0.773493 0.672944 -0.568373 
1 1 1 1 1 1 1 1 1 1 1 1 1 1 1 1 1 1 1 1 1 1 1 1 1 1 0.999999 0.999996 0.99999 1 0.999423 0.755894 0.281658 0.300143 0.525066 0.699263 0.99121 0.995986 0.999574 0.853846 2.82908 0.553386 -0.672944 
1 1 1 1 1 1 1 1 1 1 1 1 1 1 1 1 1 1 1 1 1 1 1 1 1 1 1 0.999997 0.999993 0.999993 0.999888 0.869064 0.432605 0.275634 0.442352 0.676856 0.800094 1.05428 0.997676 0.925449 0.1189 3.37566 -0.553386 
1 1 1 1 1 1 1 1 1 1 1 1 1 1 1 1 1 1 1 1 1 1 1 1 1 1 1 0.999998 0.999996 0.999992 0.999958 0.932326 0.549869 0.308579 0.398475 0.58926 0.797973 0.886425 1.09898 0.943942 0.306046 0.847055 -3.37566 
1 1 1 1 1 1 1 1 1 1 1 1 1 1 1 1 1 1 1 1 1 1 1 1 1 1 1 1 1 0.999998 1.00003 1.04833 0.909897 0.490819 0.288392 0.452851 0.512918 0.905841 0.643858 1.32722 0.850207 0.421315 -0.847055 
1 1 1 1 1 1 1 1 1 1 1 1 1 1 1 1 1 1 1 1 1 1 1 1 1 1 1 0.999999 1 1 0.999993 0.963476 1.12577 0.788785 0.388803 0.326781 0.526043 0.590823 0.873283 0.0519133 2.14832 0.532454 -0.421315 
1 1 1 1 1 1 1 1 1 1 1 1 1 1 1 1 1 1 1 1 1 1 1 1 1 1 1 1 0.999999 1 0.999998 0.988507 0.941314 1.09426 0.539087 0.34454 0.424393 0.605623 0.728908 0.317211 -0.664772 3.24752 -0.532454 
1 1 1 1 1 1 1 1 1 1 1 1 1 1 1 1 1 1 1 1 1 1 1 1 1 1 1 1 0.999999 1 1 0.993783 0.962347 1.00865 0.762215 0.397536 0.391423 0.568007 0.66928 -0.0476646 -0.257622 0.913939 -3.24752 
1 1 1 1 1 1 1 1 1 1 1 1 1 1 1 1 1 1 1 1 1 1 1 1 1 1 1 1 1 0.999998 0.999997 1.00301 1.00807 0.905668 1.12417 0.709681 0.396027 0.441013 0.561185 -0.228593 0.221951 0.342196 -0.913939 
1 1 1 1 1 1 1 1 1 1 1 1 1 1 1 1 1 1 1 1 1 1 1 1 1 1 1 1 1 1 1 0.998984 1.00128 1.03641 0.6997 1.34536 0.693868 0.349428 0.480835 -0.0513509 0.221951 0.296939 -0.342196 
1 1 1 1 1 1 1 1 1 1 1 1 1 1 1 1 1 1 1 1 1 1 1 1 1 1 1 1 1 0.999999 1 1.00068 0.998154 0.9965 1.02558 0.337011 1.70675 0.549757 0.420014 0.0689159 0.20311 0.275247 -0.296939 
1 1 1 1 1 1 1 1 1 1 1 1 1 1 1 1 1 1 1 1 1 1 1 1 1 1 1 1 1 1 0.999998 0.999889 1.00057 0.99795 0.99974 0.749304 0.358805 1.94725 0.342856 0.146152 0.185267 0.260084 -0.275247 
1 1 1 1 1 1 1 1 1 1 1 1 1 1 1 1 1 1 1 1 1 1 1 1 1 1 1 1 1 1 1 0.999973 1.00005 0.999966 0.997673 0.918703 0.525469 0.386685 1.90773 0.190547 0.172927 0.24725 -0.260084 
1 1 1 1 1 1 1 1 1 1 1 1 1 1 1 1 1 1 1 1 1 1 1 1 1 1 1 1 1 1 1 0.999994 0.99996 1.00009 1.00034 0.98729 0.73874 0.436453 0.523986 1.6188 0.175444 0.234973 -0.24725 
1 1 1 1 1 1 1 1 1 1 1 1 1 1 1 1 1 1 1 1 1 1 1 1 1 1 1 1 1 1 1 1 1.00001 0.999954 0.999989 1.00538 0.93155 0.651583 0.434494 0.531906 1.37528 0.223654 -0.234973 
1 1 1 1 1 1 1 1 1 1 1 1 1 1 1 1 1 1 1 1 1 1 1 1 1 1 1 1 1 1 1 1 0.999999 1.00004 0.999922 0.996526 1.04113 0.864657 0.608085 0.435555 0.237798 1.48815 -0.223654 
1 1 1 1 1 1 1 1 1 1 1 1 1 1 1 1 1 1 1 1 1 1 1 1 1 1 1 1 1 1 1 1 1 0.999977 1.00006 0.999943 0.971671 1.10774 0.81892 0.455966 0.304908 0.400537 -1.48815 
1 1 1 1 1 1 1 1 1 1 1 1 1 1 1 1 1 1 1 1 1 1 1 1 1 1 1 1 1 1 1 1 1 1.00001 0.999886 1.00017 1.00941 0.810984 1.36507 0.705052 0.382726 0.354862 -0.400537 
1 1 1 1 1 1 1 1 1 1 1 1 1 1 1 1 1 1 1 1 1 1 1 1 1 1 1 1 1 1 1 1 1 0.999999 1.00009 0.999792 0.999205 1.00944 0.489617 1.69039 0.607218 0.312646 -0.354862 
1 1 1 1 1 1 1 1 1 1 1 1 1 1 1 1 1 1 1 1 1 1 1 1 1 1 1 1 1 1 1 1 1 1 0.99997 1.00009 0.999725 1.00032 0.835359 0.272216 2.12984 0.271188 -0.312646 
1 1 1 1 1 1 1 1 1 1 1 1 1 1 1 1 1 1 1 1 1 1 1 1 1 1 1 1 1 1 1 1 1 1 0.999991 1.00001 0.999984 0.999692 0.9422 0.491853 0.126129 2.2751 -0.271188 
1 1 1 1 1 1 1 1 1 1 1 1 1 1 1 1 1 1 1 1 1 1 1 1 1 1 1 1 1 1 1 1 1 1 0.999997 0.999991 1.00001 0.999974 0.993229 0.473694 0.417371 0.574019 -2.2751 
1 1 1 1 1 1 1 1 1 1 1 1 1 1 1 1 1 1 1 1 1 1 1 1 1 1 1 1 1 1 1 1 1 1 1 1 0.999966 1.00007 1.00383 1.04473 0.455011 0.457546 -0.574019 
1 1 1 1 1 1 1 1 1 1 1 1 1 1 1 1 1 1 1 1 1 1 1 1 1 1 1 1 1 1 1 1 1 1 0.999998 1 1.00004 0.999819 0.998503 0.984577 1.08993 0.455885 -0.457546 
1 1 1 1 1 1 1 1 1 1 1 1 1 1 1 1 1 1 1 1 1 1 1 1 1 1 1 1 1 1 1 1 1 1 1 0.999995 0.999966 1.0003 1.00016 1.00358 0.858611 1.21125 -0.455885 
1 1 1 1 1 1 1 1 1 1 1 1 1 1 1 1 1 1 1 1 1 1 1 1 1 1 1 1 1 1 1 1 1 1 0.999998 1 1 0.999887 1.00033 0.999338 1.02577 0.759292 -1.21125 
1 1 1 1 1 1 1 1 1 1 1 1 1 1 1 1 1 1 1 1 1 1 1 1 1 1 1 1 1 1 1 1 1 1 1 0.999991 1.00001 1.00006 0.999683 1.00079 0.966681 1.12704 -0.759292 
1 1 1 1 1 1 1 1 1 1 1 1 1 1 1 1 1 1 1 1 1 1 1 1 1 1 1 1 1 1 1 1 1 1 1 1.00001 0.999978 0.999995 1.00018 0.999317 1.01133 0.903614 -1.12704 
1 1 1 1 1 1 1 1 1 1 1 1 1 1 1 1 1 1 1 1 1 1 1 1 1 1 1 1 1 1 1 1 1 1 1 0.999995 1.00005 0.999947 0.999906 1.00059 0.984376 1.06563 -0.903614 
1 1 1 1 1 1 1 1 1 1 1 1 1 1 1 1 1 1 1 1 1 1 1 1 1 1 1 1 1 1 1 1 1 1 1 1 0.999957 1.00011 0.999963 0.999626 1.00703 0.948397 -1.06563 
1 1 1 1 1 1 1 1 1 1 1 1 1 1 1 1 1 1 1 1 1 1 1 1 1 1 1 1 1 1 1 1 1 1 1 0.999999 1.00002 0.999773 1.00029 1.00013 0.990396 1.03936 -0.948397 
1 1 1 1 1 1 1 1 1 1 1 1 1 1 1 1 1 1 1 1 1 1 1 1 1 1 1 1 1 1 1 1 1 1 1 1 0.999987 1.00014 0.999174 1.00073 1.00438 0.967644 -1.03936 
1 1 1 1 1 1 1 1 1 1 1 1 1 1 1 1 1 1 1 1 1 1 1 1 1 1 1 1 1 1 1 1 1 1 1 1 1.00001 0.999914 1.00133 0.99769 0.996178 1.02447 -0.967644 
1 1 1 1 1 1 1 1 1 1 1 1 1 1 1 1 1 1 1 1 1 1 1 1 1 1 1 1 1 1 1 1 1 1 1 1 0.999996 1.00005 0.998827 1.00344 0.998386 0.982618 -1.02447 
1 1 1 1 1 1 1 1 1 1 1 1 1 1 1 1 1 1 1 1 1 1 1 1 1 1 1 1 1 1 1 1 1 1 1 1 1 0.99997 1.00065 0.99307 1.01319 1.0022 -0.982618 
1 1 1 1 1 1 1 1 1 1 1 1 1 1 1 1 1 1 1 1 1 1 1 1 1 1 1 1 1 1 1 1 1 1 1 1 0.999999 1.00002 0.999641 1.00426 0.968149 1.03375 -1.0022 
1 1 1 1 1 1 1 1 1 1 1 1 1 1 1 1 1 1 1 1 1 1 1 1 1 1 1 1 1 1 1 1 1 1 1 1 1 0.999991 1.00019 0.997543 1.01983 0.93847 -1.03375 
1 1 1 1 1 1 1 1 1 1 1 1 1 1 1 1 1 1 1 1 1 1 1 1 1 1 1 1 1 1 1 1 1 1 1 0.999999 1 1 0.999898 1.00143 0.969959 1.07245 -0.93847 
1 1 1 1 1 1 1 1 1 1 1 1 1 1 1 1 1 1 1 1 1 1 1 1 1 1 1 1 1 1 1 1 1 1 1 1 0.999998 0.999999 1.00005 0.999287 1.01334 0.926061 -1.07245 
1 1 1 1 1 1 1 1 1 1 1 1 1 1 1 1 1 1 1 1 1 1 1 1 1 1 1 1 1 1 1 1 1 1 1 0.999999 1 0.999995 0.999976 1.00041 0.981825 1.06193 -0.926061 
1 1 1 1 1 1 1 1 1 1 1 1 1 1 1 1 1 1 1 1 1 1 1 1 1 1 1 1 1 1 1 1 1 1 1 1 0.999993 1.00001 1 0.999797 1.00785 0.946305 -1.06193 
1 1 1 1 1 1 1 1 1 1 1 1 1 1 1 1 1 1 1 1 1 1 1 1 1 1 1 1 1 1 1 1 1 1 1 1 1 0.999969 1.00003 1.0001 0.989771 1.04185 -0.946305 
1 1 1 1 1 1 1 1 1 1 1 1 1 1 1 1 1 1 1 1 1 1 1 1 1 1 1 1 1 1 1 1 1 1 1 1 0.999998 1.00004 0.999915 1 1.00457 0.965686 -1.04185 
1 1 1 1 1 1 1 1 1 1 1 1 1 1 1 1 1 1 1 1 1 1 1 1 1 1 1 1 1 1 1 1 1 1 1 1 1 0.999975 1.00021 0.999775 0.994304 1.02631 -0.965686 
1 1 1 1 1 1 1 1 1 1 1 1 1 1 1 1 1 1 1 1 1 1 1 1 1 1 1 1 1 1 1 1 1 1 1 1 0.999999 1.00001 0.999701 1.00057 1.00228 0.979047 -1.02631 
1 1 1 1 1 1 1 1 1 1 1 1 1 1 1 1 1 1 1 1 1 1 1 1 1 1 1 1 1 1 1 1 1 1 1 1 1 0.999993 1.0004 0.999035 0.998443 1.01477 -0.979047 
1 1 1 1 1 1 1 1 1 1 1 1 1 1 1 1 1 1 1 1 1 1 1 1 1 1 1 1 1 1 1 1 1 1 1 1 1 1 0.999667 1.00118 0.999318 0.990478 -1.01477 
1 1 1 1 1 1 1 1 1 1 1 1 1 1 1 1 1 1 1 1 1 1 1 1 1 1 1 1 1 1 1 1 1 1 1 1 1 0.999998 1.00017 0.997771 1.00465 1.00226 -0.990478 
1 1 1 1 1 1 1 1 1 1 1 1 1 1 1 1 1 1 1 1 1 1 1 1 1 1 1 1 1 1 1 1 1 1 1 1 1 1 0.999912 1.00135 0.989199 1.01101 -1.00226 
1 1 1 1 1 1 1 1 1 1 1 1 1 1 1 1 1 1 1 1 1 1 1 1 1 1 1 1 1 1 1 1 1 1 1 1 1 0.999999 1.00004 0.999214 1.00714 0.978647 -1.01101 
1 1 1 1 1 1 1 1 1 1 1 1 1 1 1 1 1 1 1 1 1 1 1 1 1 1 1 1 1 1 1 1 1 1 1 1 1 1 0.999977 1.00045 0.989337 1.02675 -0.978647 
1 1 1 1 1 1 1 1 1 1 1 1 1 1 1 1 1 1 1 1 1 1 1 1 1 1 1 1 1 1 1 1 1 1 1 1 1 1 1.00001 0.999759 1.00549 0.971654 -1.02675 
1 1 1 1 1 1 1 1 1 1 1 1 1 1 1 1 1 1 1 1 1 1 1 1 1 1 1 1 1 1 1 1 1 1 1 1 1 1 0.999994 1.00013 0.992615 1.02586 -0.971654 
1 1 1 1 1 1 1 1 1 1 1 1 1 1 1 1 1 1 1 1 1 1 1 1 1 1 1 1 1 1 1 1 1 1 1 1 1 1 1 0.999929 1.00357 0.976802 -1.02586 
1 1 1 1 1 1 1 1 1 1 1 1 1 1 1 1 1 1 1 1 1 1 1 1 1 1 1 1 1 1 1 1 1 1 1 1 1 1 0.999999 1.00004 0.995386 1.01915 -0.976802 
1 1 1 1 1 1 1 1 1 1 1 1 1 1 1 1 1 1 1 1 1 1 1 1 1 1 1 1 1 1 1 1 1 1 1 1 1 1 1 0.999979 1.00222 0.983918 -1.01915 
1 1 1 1 1 1 1 1 1 1 1 1 1 1 1 1 1 1 1 1 1 1 1 1 1 1 1 1 1 1 1 1 1 1 1 1 1 1 1 1.00001 0.997183 1.0128 -0.983918 
1 1 1 1 1 1 1 1 1 1 1 1 1 1 1 1 1 1 1 1 1 1 1 1 1 1 1 1 1 1 1 1 1 1 1 1 1 1 1 0.999994 1.00137 0.989556 -1.0128 
1 1 1 1 1 1 1 1 1 1 1 1 1 1 1 1 1 1 1 1 1 1 1 1 1 1 1 1 1 1 1 1 1 1 1 1 1 1 1 1 0.99828 1.0082 -0.989556 
1 1 1 1 1 1 1 1 1 1 1 1 1 1 1 1 1 1 1 1 1 1 1 1 1 1 1 1 1 1 1 1 1 1 1 1 1 1 1 0.999998 1.00084 0.993396 -1.0082 
1 1 1 1 1 1 1 1 1 1 1 1 1 1 1 1 1 1 1 1 1 1 1 1 1 1 1 1 1 1 1 1 1 1 1 1 1 1 1 1 0.998944 1.00516 -0.993396 
1 1 1 1 1 1 1 1 1 1 1 1 1 1 1 1 1 1 1 1 1 1 1 1 1 1 1 1 1 1 1 1 1 1 1 1 1 1 1 0.999999 1.00052 0.995868 -1.00516 
1 1 1 1 1 1 1 1 1 1 1 1 1 1 1 1 1 1 1 1 1 1 1 1 1 1 1 1 1 1 1 1 1 1 1 1 1 1 1 1 0.999349 1.00322 -0.995868 
1 1 1 1 1 1 1 1 1 1 1 1 1 1 1 1 1 1 1 1 1 1 1 1 1 1 1 1 1 1 1 1 1 1 1 1 1 1 1 1 1.00032 0.997424 -1.00322 
1 1 1 1 1 1 1 1 1 1 1 1 1 1 1 1 1 1 1 1 1 1 1 1 1 1 1 1 1 1 1 1 1 1 1 1 1 1 1 1 0.999596 1.00201 -0.997424 
1 1 1 1 1 1 1 1 1 1 1 1 1 1 1 1 1 1 1 1 1 1 1 1 1 1 1 1 1 1 1 1 1 1 1 1 1 1 1 1 1.0002 0.998395 -1.00201 
1 1 1 1 1 1 1 1 1 1 1 1 1 1 1 1 1 1 1 1 1 1 1 1 1 1 1 1 1 1 1 1 1 1 1 1 1 1 1 1 0.999749 1.00125 -0.998395 
1 1 1 1 1 1 1 1 1 1 1 1 1 1 1 1 1 1 1 1 1 1 1 1 1 1 1 1 1 1 1 1 1 1 1 1 1 1 1 1 1.00012 0.999 -1.00125 
1 1 1 1 1 1 1 1 1 1 1 1 1 1 1 1 1 1 1 1 1 1 1 1 1 1 1 1 1 1 1 1 1 1 1 1 1 1 1 1 0.999844 1.00078 -0.999 
1 1 1 1 1 1 1 1 1 1 1 1 1 1 1 1 1 1 1 1 1 1 1 1 1 1 1 1 1 1 1 1 1 1 1 1 1 1 1 1 1.00008 0.999376 -1.00078 
1 1 1 1 1 1 1 1 1 1 1 1 1 1 1 1 1 1 1 1 1 1 1 1 1 1 1 1 1 1 1 1 1 1 1 1 1 1 1 1 0.999903 1.00049 -0.999376 
1 1 1 1 1 1 1 1 1 1 1 1 1 1 1 1 1 1 1 1 1 1 1 1 1 1 1 1 1 1 1 1 1 1 1 1 1 1 1 1 1.00005 0.999611 -1.00049 
1 1 1 1 1 1 1 1 1 1 1 1 1 1 1 1 1 1 1 1 1 1 1 1 1 1 1 1 1 1 1 1 1 1 1 1 1 1 1 1 0.999939 1.0003 -0.999611 
1 1 1 1 1 1 1 1 1 1 1 1 1 1 1 1 1 1 1 1 1 1 1 1 1 1 1 1 1 1 1 1 1 1 1 1 1 1 1 1 1.00003 0.999757 -1.0003 
1 1 1 1 1 1 1 1 1 1 1 1 1 1 1 1 1 1 1 1 1 1 1 1 1 1 1 1 1 1 1 1 1 1 1 1 1 1 1 1 0.999962 1.00019 -0.999757 
1 1 1 1 1 1 1 1 1 1 1 1 1 1 1 1 1 1 1 1 1 1 1 1 1 1 1 1 1 1 1 1 1 1 1 1 1 1 1 1 1.00002 0.999848 -1.00019 
1 1 1 1 1 1 1 1 1 1 1 1 1 1 1 1 1 1 1 1 1 1 1 1 1 1 1 1 1 1 1 1 1 1 1 1 1 1 1 1 0.999976 1.00012 -0.999848 
1 1 1 1 1 1 1 1 1 1 1 1 1 1 1 1 1 1 1 1 1 1 1 1 1 1 1 1 1 1 1 1 1 1 1 1 1 1 1 1 1.00001 0.999905 -1.00012 
1 1 1 1 1 1 1 1 1 1 1 1 1 1 1 1 1 1 1 1 1 1 1 1 1 1 1 1 1 1 1 1 1 1 1 1 1 1 1 1 0.999985 1.00007 -0.999905 
1 1 1 1 1 1 1 1 1 1 1 1 1 1 1 1 1 1 1 1 1 1 1 1 1 1 1 1 1 1 1 1 1 1 1 1 1 1 1 1 1.00001 0.999941 -1.00007 
1 1 1 1 1 1 1 1 1 1 1 1 1 1 1 1 1 1 1 1 1 1 1 1 1 1 1 1 1 1 1 1 1 1 1 1 1 1 1 1 0.999991 1.00005 -0.999941 
1 1 1 1 1 1 1 1 1 1 1 1 1 1 1 1 1 1 1 1 1 1 1 1 1 1 1 1 1 1 1 1 1 1 1 1 1 1 1 1 1 0.999963 -1.00005 
1 1 1 1 1 1 1 1 1 1 1 1 1 1 1 1 1 1 1 1 1 1 1 1 1 1 1 1 1 1 1 1 1 1 1 1 1 1 1 1 0.999994 1.00003 -0.999963 
1 1 1 1 1 1 1 1 1 1 1 1 1 1 1 1 1 1 1 1 1 1 1 1 1 1 1 1 1 1 1 1 1 1 1 1 1 1 1 1 1 0.999977 -1.00003 
1 1 1 1 1 1 1 1 1 1 1 1 1 1 1 1 1 1 1 1 1 1 1 1 1 1 1 1 1 1 1 1 1 1 1 1 1 1 1 1 0.999996 1.00002 -0.999977 
1 1 1 1 1 1 1 1 1 1 1 1 1 1 1 1 1 1 1 1 1 1 1 1 1 1 1 1 1 1 1 1 1 1 1 1 1 1 1 1 1 0.999986 -1.00002 
1 1 1 1 1 1 1 1 1 1 1 1 1 1 1 1 1 1 1 1 1 1 1 1 1 1 1 1 1 1 1 1 1 1 1 1 1 1 1 1 0.999998 1.00001 -0.999986 
1 1 1 1 1 1 1 1 1 1 1 1 1 1 1 1 1 1 1 1 1 1 1 1 1 1 1 1 1 1 1 1 1 1 1 1 1 1 1 1 1 0.999991 -1.00001 
1 1 1 1 1 1 1 1 1 1 1 1 1 1 1 1 1 1 1 1 1 1 1 1 1 1 1 1 1 1 1 1 1 1 1 1 1 1 1 1 0.999999 1.00001 -0.999991 
1 1 1 1 1 1 1 1 1 1 1 1 1 1 1 1 1 1 1 1 1 1 1 1 1 1 1 1 1 1 1 1 1 1 1 1 1 1 1 1 1 0.999994 -1.00001 
1 1 1 1 1 1 1 1 1 1 1 1 1 1 1 1 1 1 1 1 1 1 1 1 1 1 1 1 1 1 1 1 1 1 1 1 1 1 1 1 0.999999 1 -0.999994 
1 1 1 1 1 1 1 1 1 1 1 1 1 1 1 1 1 1 1 1 1 1 1 1 1 1 1 1 1 1 1 1 1 1 1 1 1 1 1 1 1 0.999996 -1 
1 1 1 1 1 1 1 1 1 1 1 1 1 1 1 1 1 1 1 1 1 1 1 1 1 1 1 1 1 1 1 1 1 1 1 1 1 1 1 1 0.999999 1 -0.999996 
1 1 1 1 1 1 1 1 1 1 1 1 1 1 1 1 1 1 1 1 1 1 1 1 1 1 1 1 1 1 1 1 1 1 1 1 1 1 1 1 1 0.999998 -1 
1 1 1 1 1 1 1 1 1 1 1 1 1 1 1 1 1 1 1 1 1 1 1 1 1 1 1 1 1 1 1 1 1 1 1 1 1 1 1 1 1 1 -0.999998 
1 1 1 1 1 1 1 1 1 1 1 1 1 1 1 1 1 1 1 1 1 1 1 1 1 1 1 1 1 1 1 1 1 1 1 1 1 1 1 1 1 0.999999 -1 
1 1 1 1 1 1 1 1 1 1 1 1 1 1 1 1 1 1 1 1 1 1 1 1 1 1 1 1 1 1 1 1 1 1 1 1 1 1 1 1 1 1 -0.999999 
1 1 1 1 1 1 1 1 1 1 1 1 1 1 1 1 1 1 1 1 1 1 1 1 1 1 1 1 1 1 1 1 1 1 1 1 1 1 1 1 1 0.999999 -1 
1 1 1 1 1 1 1 1 1 1 1 1 1 1 1 1 1 1 1 1 1 1 1 1 1 1 1 1 1 1 1 1 1 1 1 1 1 1 1 1 1 1 -0.999999 
1 1 1 1 1 1 1 1 1 1 1 1 1 1 1 1 1 1 1 1 1 1 1 1 1 1 1 1 1 1 1 1 1 1 1 1 1 1 1 1 1 0.999999 -1 
1 1 1 1 1 1 1 1 1 1 1 1 1 1 1 1 1 1 1 1 1 1 1 1 1 1 1 1 1 1 1 1 1 1 1 1 1 1 1 1 1 1 -0.999999 
1 1 1 1 1 1 1 1 1 1 1 1 1 1 1 1 1 1 1 1 1 1 1 1 1 1 1 1 1 1 1 1 1 1 1 1 1 1 1 1 1 1 -1 
1 1 1 1 1 1 1 1 1 1 1 1 1 1 1 1 1 1 1 1 1 1 1 1 1 1 1 1 1 1 1 1 1 1 1 1 1 1 1 1 1 1 -1 
1 1 1 1 1 1 1 1 1 1 1 1 1 1 1 1 1 1 1 1 1 1 1 1 1 1 1 1 1 1 1 1 1 1 1 1 1 1 1 1 1 1 -1 
1 1 1 1 1 1 1 1 1 1 1 1 1 1 1 1 1 1 1 1 1 1 1 1 1 1 1 1 1 1 1 1 1 1 1 1 1 1 1 1 1 1 -1 
1 1 1 1 1 1 1 1 1 1 1 1 1 1 1 1 1 1 1 1 1 1 1 1 1 1 1 1 1 1 1 1 1 1 1 1 1 1 1 1 1 1 -1 
1 1 1 1 1 1 1 1 1 1 1 1 1 1 1 1 1 1 1 1 1 1 1 1 1 1 1 1 1 1 1 1 1 1 1 1 1 1 1 1 1 1 -1 
1 1 1 1 1 1 1 1 1 1 1 1 1 1 1 1 1 1 1 1 1 1 1 1 1 1 1 1 1 1 1 1 1 1 1 1 1 1 1 1 1 1 -1 
1 1 1 1 1 1 1 1 1 1 1 1 1 1 1 1 1 1 1 1 1 1 1 1 1 1 1 1 1 1 1 1 1 1 1 1 1 1 1 1 1 1 -1 
1 1 1 1 1 1 1 1 1 1 1 1 1 1 1 1 1 1 1 1 1 1 1 1 1 1 1 1 1 1 1 1 1 1 1 1 1 1 1 1 1 1 -1 
